CURSAT ver 2.1 Edition #1   Date:         03-05-2020      Hour:       14:58:39
Input file:   incidence.txt
Accumulation pseudoreplicates' file:      accum_incidence_boot.txt
Dataset pseudoreplicates' file:           pseud_incidence_boot.txt
Number of columns (sampling events):       10 
Number of rows (species, OTUs, ojects,...):              12 
Number of repetitions:       100 
Seed number:  12348695

Bootstrap (resampling with replacement)

Bootstrap replicate	Sampling event	Accumulation per n. of events	
 1 	 1 	 6 	
 1 	 2 	 8 	
 1 	 3 	 11 	
 1 	 4 	 12 	
 1 	 5 	 12 	
 1 	 6 	 12 	
 1 	 7 	 12 	
 1 	 8 	 12 	
 1 	 9 	 12 	
 1 	 10 	 12 	
 2 	 1 	 7 	
 2 	 2 	 11 	
 2 	 3 	 11 	
 2 	 4 	 11 	
 2 	 5 	 12 	
 2 	 6 	 12 	
 2 	 7 	 12 	
 2 	 8 	 12 	
 2 	 9 	 12 	
 2 	 10 	 12 	
 3 	 1 	 8 	
 3 	 2 	 10 	
 3 	 3 	 12 	
 3 	 4 	 12 	
 3 	 5 	 12 	
 3 	 6 	 12 	
 3 	 7 	 12 	
 3 	 8 	 12 	
 3 	 9 	 12 	
 3 	 10 	 12 	
 4 	 1 	 6 	
 4 	 2 	 8 	
 4 	 3 	 8 	
 4 	 4 	 8 	
 4 	 5 	 8 	
 4 	 6 	 12 	
 4 	 7 	 12 	
 4 	 8 	 12 	
 4 	 9 	 12 	
 4 	 10 	 12 	
 5 	 1 	 6 	
 5 	 2 	 10 	
 5 	 3 	 10 	
 5 	 4 	 12 	
 5 	 5 	 12 	
 5 	 6 	 12 	
 5 	 7 	 12 	
 5 	 8 	 12 	
 5 	 9 	 12 	
 5 	 10 	 12 	
 6 	 1 	 5 	
 6 	 2 	 9 	
 6 	 3 	 12 	
 6 	 4 	 12 	
 6 	 5 	 12 	
 6 	 6 	 12 	
 6 	 7 	 12 	
 6 	 8 	 12 	
 6 	 9 	 12 	
 6 	 10 	 12 	
 7 	 1 	 6 	
 7 	 2 	 10 	
 7 	 3 	 12 	
 7 	 4 	 12 	
 7 	 5 	 12 	
 7 	 6 	 12 	
 7 	 7 	 12 	
 7 	 8 	 12 	
 7 	 9 	 12 	
 7 	 10 	 12 	
 8 	 1 	 6 	
 8 	 2 	 8 	
 8 	 3 	 8 	
 8 	 4 	 8 	
 8 	 5 	 11 	
 8 	 6 	 11 	
 8 	 7 	 12 	
 8 	 8 	 12 	
 8 	 9 	 12 	
 8 	 10 	 12 	
 9 	 1 	 4 	
 9 	 2 	 7 	
 9 	 3 	 10 	
 9 	 4 	 12 	
 9 	 5 	 12 	
 9 	 6 	 12 	
 9 	 7 	 12 	
 9 	 8 	 12 	
 9 	 9 	 12 	
 9 	 10 	 12 	
 10 	 1 	 4 	
 10 	 2 	 7 	
 10 	 3 	 9 	
 10 	 4 	 10 	
 10 	 5 	 12 	
 10 	 6 	 12 	
 10 	 7 	 12 	
 10 	 8 	 12 	
 10 	 9 	 12 	
 10 	 10 	 12 	
 11 	 1 	 7 	
 11 	 2 	 10 	
 11 	 3 	 11 	
 11 	 4 	 11 	
 11 	 5 	 11 	
 11 	 6 	 12 	
 11 	 7 	 12 	
 11 	 8 	 12 	
 11 	 9 	 12 	
 11 	 10 	 12 	
 12 	 1 	 5 	
 12 	 2 	 7 	
 12 	 3 	 9 	
 12 	 4 	 11 	
 12 	 5 	 11 	
 12 	 6 	 11 	
 12 	 7 	 12 	
 12 	 8 	 12 	
 12 	 9 	 12 	
 12 	 10 	 12 	
 13 	 1 	 8 	
 13 	 2 	 12 	
 13 	 3 	 12 	
 13 	 4 	 12 	
 13 	 5 	 12 	
 13 	 6 	 12 	
 13 	 7 	 12 	
 13 	 8 	 12 	
 13 	 9 	 12 	
 13 	 10 	 12 	
 14 	 1 	 6 	
 14 	 2 	 10 	
 14 	 3 	 12 	
 14 	 4 	 12 	
 14 	 5 	 12 	
 14 	 6 	 12 	
 14 	 7 	 12 	
 14 	 8 	 12 	
 14 	 9 	 12 	
 14 	 10 	 12 	
 15 	 1 	 4 	
 15 	 2 	 10 	
 15 	 3 	 10 	
 15 	 4 	 11 	
 15 	 5 	 12 	
 15 	 6 	 12 	
 15 	 7 	 12 	
 15 	 8 	 12 	
 15 	 9 	 12 	
 15 	 10 	 12 	
 16 	 1 	 4 	
 16 	 2 	 8 	
 16 	 3 	 12 	
 16 	 4 	 12 	
 16 	 5 	 12 	
 16 	 6 	 12 	
 16 	 7 	 12 	
 16 	 8 	 12 	
 16 	 9 	 12 	
 16 	 10 	 12 	
 17 	 1 	 5 	
 17 	 2 	 9 	
 17 	 3 	 11 	
 17 	 4 	 12 	
 17 	 5 	 12 	
 17 	 6 	 12 	
 17 	 7 	 12 	
 17 	 8 	 12 	
 17 	 9 	 12 	
 17 	 10 	 12 	
 18 	 1 	 7 	
 18 	 2 	 8 	
 18 	 3 	 10 	
 18 	 4 	 12 	
 18 	 5 	 12 	
 18 	 6 	 12 	
 18 	 7 	 12 	
 18 	 8 	 12 	
 18 	 9 	 12 	
 18 	 10 	 12 	
 19 	 1 	 6 	
 19 	 2 	 8 	
 19 	 3 	 10 	
 19 	 4 	 10 	
 19 	 5 	 11 	
 19 	 6 	 12 	
 19 	 7 	 12 	
 19 	 8 	 12 	
 19 	 9 	 12 	
 19 	 10 	 12 	
 20 	 1 	 6 	
 20 	 2 	 8 	
 20 	 3 	 9 	
 20 	 4 	 11 	
 20 	 5 	 12 	
 20 	 6 	 12 	
 20 	 7 	 12 	
 20 	 8 	 12 	
 20 	 9 	 12 	
 20 	 10 	 12 	
 21 	 1 	 6 	
 21 	 2 	 8 	
 21 	 3 	 10 	
 21 	 4 	 12 	
 21 	 5 	 12 	
 21 	 6 	 12 	
 21 	 7 	 12 	
 21 	 8 	 12 	
 21 	 9 	 12 	
 21 	 10 	 12 	
 22 	 1 	 5 	
 22 	 2 	 5 	
 22 	 3 	 7 	
 22 	 4 	 9 	
 22 	 5 	 11 	
 22 	 6 	 11 	
 22 	 7 	 11 	
 22 	 8 	 12 	
 22 	 9 	 12 	
 22 	 10 	 12 	
 23 	 1 	 8 	
 23 	 2 	 10 	
 23 	 3 	 10 	
 23 	 4 	 12 	
 23 	 5 	 12 	
 23 	 6 	 12 	
 23 	 7 	 12 	
 23 	 8 	 12 	
 23 	 9 	 12 	
 23 	 10 	 12 	
 24 	 1 	 6 	
 24 	 2 	 8 	
 24 	 3 	 10 	
 24 	 4 	 10 	
 24 	 5 	 10 	
 24 	 6 	 11 	
 24 	 7 	 12 	
 24 	 8 	 12 	
 24 	 9 	 12 	
 24 	 10 	 12 	
 25 	 1 	 4 	
 25 	 2 	 10 	
 25 	 3 	 10 	
 25 	 4 	 11 	
 25 	 5 	 11 	
 25 	 6 	 11 	
 25 	 7 	 11 	
 25 	 8 	 11 	
 25 	 9 	 12 	
 25 	 10 	 12 	
 26 	 1 	 4 	
 26 	 2 	 8 	
 26 	 3 	 12 	
 26 	 4 	 12 	
 26 	 5 	 12 	
 26 	 6 	 12 	
 26 	 7 	 12 	
 26 	 8 	 12 	
 26 	 9 	 12 	
 26 	 10 	 12 	
 27 	 1 	 3 	
 27 	 2 	 8 	
 27 	 3 	 8 	
 27 	 4 	 11 	
 27 	 5 	 12 	
 27 	 6 	 12 	
 27 	 7 	 12 	
 27 	 8 	 12 	
 27 	 9 	 12 	
 27 	 10 	 12 	
 28 	 1 	 6 	
 28 	 2 	 10 	
 28 	 3 	 12 	
 28 	 4 	 12 	
 28 	 5 	 12 	
 28 	 6 	 12 	
 28 	 7 	 12 	
 28 	 8 	 12 	
 28 	 9 	 12 	
 28 	 10 	 12 	
 29 	 1 	 8 	
 29 	 2 	 8 	
 29 	 3 	 10 	
 29 	 4 	 11 	
 29 	 5 	 12 	
 29 	 6 	 12 	
 29 	 7 	 12 	
 29 	 8 	 12 	
 29 	 9 	 12 	
 29 	 10 	 12 	
 30 	 1 	 6 	
 30 	 2 	 6 	
 30 	 3 	 11 	
 30 	 4 	 12 	
 30 	 5 	 12 	
 30 	 6 	 12 	
 30 	 7 	 12 	
 30 	 8 	 12 	
 30 	 9 	 12 	
 30 	 10 	 12 	
 31 	 1 	 6 	
 31 	 2 	 9 	
 31 	 3 	 11 	
 31 	 4 	 11 	
 31 	 5 	 11 	
 31 	 6 	 11 	
 31 	 7 	 11 	
 31 	 8 	 11 	
 31 	 9 	 11 	
 31 	 10 	 11 	
 32 	 1 	 4 	
 32 	 2 	 7 	
 32 	 3 	 7 	
 32 	 4 	 7 	
 32 	 5 	 8 	
 32 	 6 	 9 	
 32 	 7 	 12 	
 32 	 8 	 12 	
 32 	 9 	 12 	
 32 	 10 	 12 	
 33 	 1 	 6 	
 33 	 2 	 9 	
 33 	 3 	 10 	
 33 	 4 	 11 	
 33 	 5 	 12 	
 33 	 6 	 12 	
 33 	 7 	 12 	
 33 	 8 	 12 	
 33 	 9 	 12 	
 33 	 10 	 12 	
 34 	 1 	 6 	
 34 	 2 	 7 	
 34 	 3 	 11 	
 34 	 4 	 11 	
 34 	 5 	 12 	
 34 	 6 	 12 	
 34 	 7 	 12 	
 34 	 8 	 12 	
 34 	 9 	 12 	
 34 	 10 	 12 	
 35 	 1 	 4 	
 35 	 2 	 10 	
 35 	 3 	 12 	
 35 	 4 	 12 	
 35 	 5 	 12 	
 35 	 6 	 12 	
 35 	 7 	 12 	
 35 	 8 	 12 	
 35 	 9 	 12 	
 35 	 10 	 12 	
 36 	 1 	 4 	
 36 	 2 	 7 	
 36 	 3 	 7 	
 36 	 4 	 9 	
 36 	 5 	 12 	
 36 	 6 	 12 	
 36 	 7 	 12 	
 36 	 8 	 12 	
 36 	 9 	 12 	
 36 	 10 	 12 	
 37 	 1 	 6 	
 37 	 2 	 10 	
 37 	 3 	 10 	
 37 	 4 	 10 	
 37 	 5 	 11 	
 37 	 6 	 11 	
 37 	 7 	 12 	
 37 	 8 	 12 	
 37 	 9 	 12 	
 37 	 10 	 12 	
 38 	 1 	 4 	
 38 	 2 	 9 	
 38 	 3 	 9 	
 38 	 4 	 10 	
 38 	 5 	 11 	
 38 	 6 	 11 	
 38 	 7 	 11 	
 38 	 8 	 12 	
 38 	 9 	 12 	
 38 	 10 	 12 	
 39 	 1 	 6 	
 39 	 2 	 8 	
 39 	 3 	 10 	
 39 	 4 	 12 	
 39 	 5 	 12 	
 39 	 6 	 12 	
 39 	 7 	 12 	
 39 	 8 	 12 	
 39 	 9 	 12 	
 39 	 10 	 12 	
 40 	 1 	 7 	
 40 	 2 	 10 	
 40 	 3 	 12 	
 40 	 4 	 12 	
 40 	 5 	 12 	
 40 	 6 	 12 	
 40 	 7 	 12 	
 40 	 8 	 12 	
 40 	 9 	 12 	
 40 	 10 	 12 	
 41 	 1 	 3 	
 41 	 2 	 8 	
 41 	 3 	 11 	
 41 	 4 	 11 	
 41 	 5 	 12 	
 41 	 6 	 12 	
 41 	 7 	 12 	
 41 	 8 	 12 	
 41 	 9 	 12 	
 41 	 10 	 12 	
 42 	 1 	 3 	
 42 	 2 	 7 	
 42 	 3 	 11 	
 42 	 4 	 11 	
 42 	 5 	 11 	
 42 	 6 	 11 	
 42 	 7 	 11 	
 42 	 8 	 11 	
 42 	 9 	 12 	
 42 	 10 	 12 	
 43 	 1 	 6 	
 43 	 2 	 10 	
 43 	 3 	 10 	
 43 	 4 	 12 	
 43 	 5 	 12 	
 43 	 6 	 12 	
 43 	 7 	 12 	
 43 	 8 	 12 	
 43 	 9 	 12 	
 43 	 10 	 12 	
 44 	 1 	 6 	
 44 	 2 	 8 	
 44 	 3 	 9 	
 44 	 4 	 10 	
 44 	 5 	 11 	
 44 	 6 	 11 	
 44 	 7 	 11 	
 44 	 8 	 11 	
 44 	 9 	 11 	
 44 	 10 	 11 	
 45 	 1 	 6 	
 45 	 2 	 8 	
 45 	 3 	 11 	
 45 	 4 	 11 	
 45 	 5 	 11 	
 45 	 6 	 12 	
 45 	 7 	 12 	
 45 	 8 	 12 	
 45 	 9 	 12 	
 45 	 10 	 12 	
 46 	 1 	 6 	
 46 	 2 	 8 	
 46 	 3 	 8 	
 46 	 4 	 9 	
 46 	 5 	 9 	
 46 	 6 	 12 	
 46 	 7 	 12 	
 46 	 8 	 12 	
 46 	 9 	 12 	
 46 	 10 	 12 	
 47 	 1 	 3 	
 47 	 2 	 6 	
 47 	 3 	 11 	
 47 	 4 	 12 	
 47 	 5 	 12 	
 47 	 6 	 12 	
 47 	 7 	 12 	
 47 	 8 	 12 	
 47 	 9 	 12 	
 47 	 10 	 12 	
 48 	 1 	 6 	
 48 	 2 	 9 	
 48 	 3 	 9 	
 48 	 4 	 11 	
 48 	 5 	 11 	
 48 	 6 	 12 	
 48 	 7 	 12 	
 48 	 8 	 12 	
 48 	 9 	 12 	
 48 	 10 	 12 	
 49 	 1 	 7 	
 49 	 2 	 9 	
 49 	 3 	 11 	
 49 	 4 	 12 	
 49 	 5 	 12 	
 49 	 6 	 12 	
 49 	 7 	 12 	
 49 	 8 	 12 	
 49 	 9 	 12 	
 49 	 10 	 12 	
 50 	 1 	 6 	
 50 	 2 	 9 	
 50 	 3 	 9 	
 50 	 4 	 11 	
 50 	 5 	 11 	
 50 	 6 	 12 	
 50 	 7 	 12 	
 50 	 8 	 12 	
 50 	 9 	 12 	
 50 	 10 	 12 	
 51 	 1 	 4 	
 51 	 2 	 4 	
 51 	 3 	 4 	
 51 	 4 	 7 	
 51 	 5 	 7 	
 51 	 6 	 9 	
 51 	 7 	 9 	
 51 	 8 	 11 	
 51 	 9 	 11 	
 51 	 10 	 11 	
 52 	 1 	 4 	
 52 	 2 	 9 	
 52 	 3 	 12 	
 52 	 4 	 12 	
 52 	 5 	 12 	
 52 	 6 	 12 	
 52 	 7 	 12 	
 52 	 8 	 12 	
 52 	 9 	 12 	
 52 	 10 	 12 	
 53 	 1 	 3 	
 53 	 2 	 5 	
 53 	 3 	 7 	
 53 	 4 	 9 	
 53 	 5 	 11 	
 53 	 6 	 11 	
 53 	 7 	 11 	
 53 	 8 	 11 	
 53 	 9 	 11 	
 53 	 10 	 11 	
 54 	 1 	 6 	
 54 	 2 	 10 	
 54 	 3 	 11 	
 54 	 4 	 11 	
 54 	 5 	 12 	
 54 	 6 	 12 	
 54 	 7 	 12 	
 54 	 8 	 12 	
 54 	 9 	 12 	
 54 	 10 	 12 	
 55 	 1 	 6 	
 55 	 2 	 11 	
 55 	 3 	 12 	
 55 	 4 	 12 	
 55 	 5 	 12 	
 55 	 6 	 12 	
 55 	 7 	 12 	
 55 	 8 	 12 	
 55 	 9 	 12 	
 55 	 10 	 12 	
 56 	 1 	 7 	
 56 	 2 	 8 	
 56 	 3 	 11 	
 56 	 4 	 12 	
 56 	 5 	 12 	
 56 	 6 	 12 	
 56 	 7 	 12 	
 56 	 8 	 12 	
 56 	 9 	 12 	
 56 	 10 	 12 	
 57 	 1 	 5 	
 57 	 2 	 5 	
 57 	 3 	 8 	
 57 	 4 	 10 	
 57 	 5 	 12 	
 57 	 6 	 12 	
 57 	 7 	 12 	
 57 	 8 	 12 	
 57 	 9 	 12 	
 57 	 10 	 12 	
 58 	 1 	 8 	
 58 	 2 	 8 	
 58 	 3 	 9 	
 58 	 4 	 9 	
 58 	 5 	 12 	
 58 	 6 	 12 	
 58 	 7 	 12 	
 58 	 8 	 12 	
 58 	 9 	 12 	
 58 	 10 	 12 	
 59 	 1 	 6 	
 59 	 2 	 9 	
 59 	 3 	 10 	
 59 	 4 	 10 	
 59 	 5 	 11 	
 59 	 6 	 12 	
 59 	 7 	 12 	
 59 	 8 	 12 	
 59 	 9 	 12 	
 59 	 10 	 12 	
 60 	 1 	 6 	
 60 	 2 	 8 	
 60 	 3 	 11 	
 60 	 4 	 11 	
 60 	 5 	 11 	
 60 	 6 	 12 	
 60 	 7 	 12 	
 60 	 8 	 12 	
 60 	 9 	 12 	
 60 	 10 	 12 	
 61 	 1 	 6 	
 61 	 2 	 10 	
 61 	 3 	 10 	
 61 	 4 	 10 	
 61 	 5 	 10 	
 61 	 6 	 10 	
 61 	 7 	 12 	
 61 	 8 	 12 	
 61 	 9 	 12 	
 61 	 10 	 12 	
 62 	 1 	 7 	
 62 	 2 	 10 	
 62 	 3 	 11 	
 62 	 4 	 11 	
 62 	 5 	 12 	
 62 	 6 	 12 	
 62 	 7 	 12 	
 62 	 8 	 12 	
 62 	 9 	 12 	
 62 	 10 	 12 	
 63 	 1 	 3 	
 63 	 2 	 8 	
 63 	 3 	 10 	
 63 	 4 	 12 	
 63 	 5 	 12 	
 63 	 6 	 12 	
 63 	 7 	 12 	
 63 	 8 	 12 	
 63 	 9 	 12 	
 63 	 10 	 12 	
 64 	 1 	 4 	
 64 	 2 	 9 	
 64 	 3 	 10 	
 64 	 4 	 11 	
 64 	 5 	 11 	
 64 	 6 	 11 	
 64 	 7 	 11 	
 64 	 8 	 11 	
 64 	 9 	 12 	
 64 	 10 	 12 	
 65 	 1 	 7 	
 65 	 2 	 11 	
 65 	 3 	 12 	
 65 	 4 	 12 	
 65 	 5 	 12 	
 65 	 6 	 12 	
 65 	 7 	 12 	
 65 	 8 	 12 	
 65 	 9 	 12 	
 65 	 10 	 12 	
 66 	 1 	 6 	
 66 	 2 	 8 	
 66 	 3 	 8 	
 66 	 4 	 9 	
 66 	 5 	 9 	
 66 	 6 	 11 	
 66 	 7 	 12 	
 66 	 8 	 12 	
 66 	 9 	 12 	
 66 	 10 	 12 	
 67 	 1 	 4 	
 67 	 2 	 4 	
 67 	 3 	 7 	
 67 	 4 	 9 	
 67 	 5 	 9 	
 67 	 6 	 9 	
 67 	 7 	 11 	
 67 	 8 	 12 	
 67 	 9 	 12 	
 67 	 10 	 12 	
 68 	 1 	 4 	
 68 	 2 	 6 	
 68 	 3 	 7 	
 68 	 4 	 7 	
 68 	 5 	 9 	
 68 	 6 	 9 	
 68 	 7 	 9 	
 68 	 8 	 9 	
 68 	 9 	 11 	
 68 	 10 	 11 	
 69 	 1 	 3 	
 69 	 2 	 9 	
 69 	 3 	 12 	
 69 	 4 	 12 	
 69 	 5 	 12 	
 69 	 6 	 12 	
 69 	 7 	 12 	
 69 	 8 	 12 	
 69 	 9 	 12 	
 69 	 10 	 12 	
 70 	 1 	 6 	
 70 	 2 	 10 	
 70 	 3 	 12 	
 70 	 4 	 12 	
 70 	 5 	 12 	
 70 	 6 	 12 	
 70 	 7 	 12 	
 70 	 8 	 12 	
 70 	 9 	 12 	
 70 	 10 	 12 	
 71 	 1 	 6 	
 71 	 2 	 6 	
 71 	 3 	 11 	
 71 	 4 	 11 	
 71 	 5 	 11 	
 71 	 6 	 12 	
 71 	 7 	 12 	
 71 	 8 	 12 	
 71 	 9 	 12 	
 71 	 10 	 12 	
 72 	 1 	 7 	
 72 	 2 	 7 	
 72 	 3 	 8 	
 72 	 4 	 10 	
 72 	 5 	 10 	
 72 	 6 	 10 	
 72 	 7 	 10 	
 72 	 8 	 10 	
 72 	 9 	 12 	
 72 	 10 	 12 	
 73 	 1 	 5 	
 73 	 2 	 12 	
 73 	 3 	 12 	
 73 	 4 	 12 	
 73 	 5 	 12 	
 73 	 6 	 12 	
 73 	 7 	 12 	
 73 	 8 	 12 	
 73 	 9 	 12 	
 73 	 10 	 12 	
 74 	 1 	 5 	
 74 	 2 	 9 	
 74 	 3 	 9 	
 74 	 4 	 9 	
 74 	 5 	 11 	
 74 	 6 	 11 	
 74 	 7 	 11 	
 74 	 8 	 12 	
 74 	 9 	 12 	
 74 	 10 	 12 	
 75 	 1 	 5 	
 75 	 2 	 9 	
 75 	 3 	 10 	
 75 	 4 	 12 	
 75 	 5 	 12 	
 75 	 6 	 12 	
 75 	 7 	 12 	
 75 	 8 	 12 	
 75 	 9 	 12 	
 75 	 10 	 12 	
 76 	 1 	 3 	
 76 	 2 	 8 	
 76 	 3 	 10 	
 76 	 4 	 12 	
 76 	 5 	 12 	
 76 	 6 	 12 	
 76 	 7 	 12 	
 76 	 8 	 12 	
 76 	 9 	 12 	
 76 	 10 	 12 	
 77 	 1 	 6 	
 77 	 2 	 9 	
 77 	 3 	 11 	
 77 	 4 	 11 	
 77 	 5 	 12 	
 77 	 6 	 12 	
 77 	 7 	 12 	
 77 	 8 	 12 	
 77 	 9 	 12 	
 77 	 10 	 12 	
 78 	 1 	 7 	
 78 	 2 	 11 	
 78 	 3 	 11 	
 78 	 4 	 11 	
 78 	 5 	 11 	
 78 	 6 	 11 	
 78 	 7 	 12 	
 78 	 8 	 12 	
 78 	 9 	 12 	
 78 	 10 	 12 	
 79 	 1 	 3 	
 79 	 2 	 7 	
 79 	 3 	 7 	
 79 	 4 	 9 	
 79 	 5 	 9 	
 79 	 6 	 12 	
 79 	 7 	 12 	
 79 	 8 	 12 	
 79 	 9 	 12 	
 79 	 10 	 12 	
 80 	 1 	 3 	
 80 	 2 	 3 	
 80 	 3 	 9 	
 80 	 4 	 11 	
 80 	 5 	 12 	
 80 	 6 	 12 	
 80 	 7 	 12 	
 80 	 8 	 12 	
 80 	 9 	 12 	
 80 	 10 	 12 	
 81 	 1 	 7 	
 81 	 2 	 10 	
 81 	 3 	 11 	
 81 	 4 	 12 	
 81 	 5 	 12 	
 81 	 6 	 12 	
 81 	 7 	 12 	
 81 	 8 	 12 	
 81 	 9 	 12 	
 81 	 10 	 12 	
 82 	 1 	 5 	
 82 	 2 	 8 	
 82 	 3 	 8 	
 82 	 4 	 10 	
 82 	 5 	 10 	
 82 	 6 	 10 	
 82 	 7 	 10 	
 82 	 8 	 11 	
 82 	 9 	 12 	
 82 	 10 	 12 	
 83 	 1 	 4 	
 83 	 2 	 9 	
 83 	 3 	 12 	
 83 	 4 	 12 	
 83 	 5 	 12 	
 83 	 6 	 12 	
 83 	 7 	 12 	
 83 	 8 	 12 	
 83 	 9 	 12 	
 83 	 10 	 12 	
 84 	 1 	 4 	
 84 	 2 	 10 	
 84 	 3 	 12 	
 84 	 4 	 12 	
 84 	 5 	 12 	
 84 	 6 	 12 	
 84 	 7 	 12 	
 84 	 8 	 12 	
 84 	 9 	 12 	
 84 	 10 	 12 	
 85 	 1 	 6 	
 85 	 2 	 6 	
 85 	 3 	 8 	
 85 	 4 	 11 	
 85 	 5 	 12 	
 85 	 6 	 12 	
 85 	 7 	 12 	
 85 	 8 	 12 	
 85 	 9 	 12 	
 85 	 10 	 12 	
 86 	 1 	 3 	
 86 	 2 	 7 	
 86 	 3 	 9 	
 86 	 4 	 11 	
 86 	 5 	 11 	
 86 	 6 	 12 	
 86 	 7 	 12 	
 86 	 8 	 12 	
 86 	 9 	 12 	
 86 	 10 	 12 	
 87 	 1 	 7 	
 87 	 2 	 10 	
 87 	 3 	 12 	
 87 	 4 	 12 	
 87 	 5 	 12 	
 87 	 6 	 12 	
 87 	 7 	 12 	
 87 	 8 	 12 	
 87 	 9 	 12 	
 87 	 10 	 12 	
 88 	 1 	 6 	
 88 	 2 	 6 	
 88 	 3 	 6 	
 88 	 4 	 9 	
 88 	 5 	 9 	
 88 	 6 	 12 	
 88 	 7 	 12 	
 88 	 8 	 12 	
 88 	 9 	 12 	
 88 	 10 	 12 	
 89 	 1 	 4 	
 89 	 2 	 7 	
 89 	 3 	 7 	
 89 	 4 	 7 	
 89 	 5 	 11 	
 89 	 6 	 12 	
 89 	 7 	 12 	
 89 	 8 	 12 	
 89 	 9 	 12 	
 89 	 10 	 12 	
 90 	 1 	 4 	
 90 	 2 	 9 	
 90 	 3 	 11 	
 90 	 4 	 12 	
 90 	 5 	 12 	
 90 	 6 	 12 	
 90 	 7 	 12 	
 90 	 8 	 12 	
 90 	 9 	 12 	
 90 	 10 	 12 	
 91 	 1 	 5 	
 91 	 2 	 7 	
 91 	 3 	 7 	
 91 	 4 	 8 	
 91 	 5 	 8 	
 91 	 6 	 8 	
 91 	 7 	 10 	
 91 	 8 	 11 	
 91 	 9 	 11 	
 91 	 10 	 11 	
 92 	 1 	 6 	
 92 	 2 	 9 	
 92 	 3 	 10 	
 92 	 4 	 10 	
 92 	 5 	 11 	
 92 	 6 	 12 	
 92 	 7 	 12 	
 92 	 8 	 12 	
 92 	 9 	 12 	
 92 	 10 	 12 	
 93 	 1 	 7 	
 93 	 2 	 9 	
 93 	 3 	 9 	
 93 	 4 	 10 	
 93 	 5 	 11 	
 93 	 6 	 11 	
 93 	 7 	 11 	
 93 	 8 	 11 	
 93 	 9 	 11 	
 93 	 10 	 11 	
 94 	 1 	 4 	
 94 	 2 	 7 	
 94 	 3 	 10 	
 94 	 4 	 10 	
 94 	 5 	 11 	
 94 	 6 	 11 	
 94 	 7 	 11 	
 94 	 8 	 12 	
 94 	 9 	 12 	
 94 	 10 	 12 	
 95 	 1 	 5 	
 95 	 2 	 8 	
 95 	 3 	 12 	
 95 	 4 	 12 	
 95 	 5 	 12 	
 95 	 6 	 12 	
 95 	 7 	 12 	
 95 	 8 	 12 	
 95 	 9 	 12 	
 95 	 10 	 12 	
 96 	 1 	 3 	
 96 	 2 	 8 	
 96 	 3 	 10 	
 96 	 4 	 10 	
 96 	 5 	 12 	
 96 	 6 	 12 	
 96 	 7 	 12 	
 96 	 8 	 12 	
 96 	 9 	 12 	
 96 	 10 	 12 	
 97 	 1 	 6 	
 97 	 2 	 8 	
 97 	 3 	 11 	
 97 	 4 	 11 	
 97 	 5 	 11 	
 97 	 6 	 12 	
 97 	 7 	 12 	
 97 	 8 	 12 	
 97 	 9 	 12 	
 97 	 10 	 12 	
 98 	 1 	 5 	
 98 	 2 	 5 	
 98 	 3 	 10 	
 98 	 4 	 10 	
 98 	 5 	 10 	
 98 	 6 	 10 	
 98 	 7 	 10 	
 98 	 8 	 11 	
 98 	 9 	 11 	
 98 	 10 	 11 	
 99 	 1 	 4 	
 99 	 2 	 7 	
 99 	 3 	 12 	
 99 	 4 	 12 	
 99 	 5 	 12 	
 99 	 6 	 12 	
 99 	 7 	 12 	
 99 	 8 	 12 	
 99 	 9 	 12 	
 99 	 10 	 12 	
 100 	 1 	 8 	
 100 	 2 	 11 	
 100 	 3 	 11 	
 100 	 4 	 12 	
 100 	 5 	 12 	
 100 	 6 	 12 	
 100 	 7 	 12 	
 100 	 8 	 12 	
 100 	 9 	 12 	
 100 	 10 	 12 	
CURSAT ver. 2.1 Edition #1 started on 03-05-2020 at 14:58:39 and ended on 03-05-2020 at 14:58:41
