CURSAT ver 2.1 Edition #1   Date:         03-05-2020      Hour:       14:47:27
Input file:   abundance.txt
Accumulation pseudoreplicates' file:      accum_abundance_boot.txt
Dataset pseudoreplicates' file:           pseud_abundance_boot.txt
Number of columns (sampling events):       10 
Number of rows (species, OTUs, objects,...):             12 
Number of repetitions:       100 
Seed number:  12348695

Bootstrap (resampling with replacement)

Bootstrap replicate

 1 	 0 	 0 	 1 	 1 	 0 	 9 	 8 	 1 	 0 	 1 	
 1 	 12 	 0 	 0 	 2 	 0 	 0 	 0 	 1 	 12 	 1 	
 1 	 3 	 1 	 1 	 0 	 1 	 0 	 1 	 0 	 3 	 0 	
 1 	 1 	 0 	 0 	 0 	 0 	 0 	 1 	 0 	 1 	 0 	
 1 	 0 	 0 	 1 	 0 	 0 	 11 	 0 	 1 	 0 	 1 	
 1 	 0 	 0 	 0 	 1 	 0 	 0 	 0 	 32 	 0 	 32 	
 1 	 0 	 0 	 1 	 0 	 0 	 4 	 1 	 0 	 0 	 0 	
 1 	 2 	 0 	 1 	 1 	 0 	 0 	 0 	 1 	 2 	 1 	
 1 	 0 	 45 	 0 	 7 	 45 	 0 	 0 	 4 	 0 	 4 	
 1 	 1 	 0 	 22 	 0 	 0 	 1 	 9 	 0 	 1 	 0 	
 1 	 0 	 1 	 1 	 0 	 1 	 6 	 0 	 1 	 0 	 1 	
 1 	 1 	 0 	 0 	 10 	 0 	 6 	 0 	 11 	 1 	 11 	

 2 	 1 	 1 	 1 	 1 	 0 	 0 	 0 	 1 	 0 	 1 	
 2 	 0 	 2 	 1 	 1 	 0 	 12 	 1 	 0 	 0 	 2 	
 2 	 1 	 0 	 0 	 0 	 0 	 3 	 0 	 1 	 1 	 0 	
 2 	 0 	 0 	 0 	 0 	 24 	 1 	 0 	 0 	 0 	 0 	
 2 	 1 	 0 	 1 	 1 	 0 	 0 	 0 	 1 	 0 	 0 	
 2 	 0 	 1 	 32 	 32 	 1 	 0 	 1 	 0 	 0 	 1 	
 2 	 1 	 0 	 0 	 0 	 3 	 0 	 0 	 1 	 0 	 0 	
 2 	 1 	 1 	 1 	 1 	 0 	 2 	 1 	 1 	 0 	 1 	
 2 	 0 	 7 	 4 	 4 	 1 	 0 	 0 	 0 	 45 	 7 	
 2 	 22 	 0 	 0 	 0 	 0 	 1 	 0 	 22 	 0 	 0 	
 2 	 1 	 0 	 1 	 1 	 0 	 0 	 0 	 1 	 1 	 0 	
 2 	 0 	 10 	 11 	 11 	 0 	 1 	 1 	 0 	 0 	 10 	

 3 	 1 	 9 	 8 	 0 	 0 	 0 	 0 	 0 	 1 	 0 	
 3 	 1 	 0 	 0 	 0 	 12 	 1 	 0 	 0 	 1 	 0 	
 3 	 0 	 0 	 1 	 0 	 3 	 0 	 1 	 0 	 0 	 0 	
 3 	 0 	 0 	 1 	 24 	 1 	 0 	 0 	 24 	 0 	 24 	
 3 	 1 	 11 	 0 	 0 	 0 	 0 	 0 	 0 	 1 	 0 	
 3 	 32 	 0 	 0 	 1 	 0 	 1 	 0 	 1 	 32 	 1 	
 3 	 0 	 4 	 1 	 3 	 0 	 0 	 0 	 3 	 0 	 3 	
 3 	 1 	 0 	 0 	 0 	 2 	 1 	 0 	 0 	 1 	 0 	
 3 	 4 	 0 	 0 	 1 	 0 	 0 	 45 	 1 	 4 	 1 	
 3 	 0 	 1 	 9 	 0 	 1 	 0 	 0 	 0 	 0 	 0 	
 3 	 1 	 6 	 0 	 0 	 0 	 0 	 1 	 0 	 1 	 0 	
 3 	 11 	 6 	 0 	 0 	 1 	 1 	 0 	 0 	 11 	 0 	

 4 	 1 	 1 	 1 	 1 	 0 	 8 	 0 	 9 	 8 	 1 	
 4 	 2 	 1 	 2 	 2 	 1 	 0 	 12 	 0 	 0 	 1 	
 4 	 0 	 0 	 0 	 0 	 0 	 1 	 3 	 0 	 1 	 0 	
 4 	 0 	 0 	 0 	 0 	 0 	 1 	 1 	 0 	 1 	 0 	
 4 	 0 	 1 	 0 	 0 	 0 	 0 	 0 	 11 	 0 	 1 	
 4 	 1 	 32 	 1 	 1 	 1 	 0 	 0 	 0 	 0 	 32 	
 4 	 0 	 0 	 0 	 0 	 0 	 1 	 0 	 4 	 1 	 0 	
 4 	 1 	 1 	 1 	 1 	 1 	 0 	 2 	 0 	 0 	 1 	
 4 	 7 	 4 	 7 	 7 	 0 	 0 	 0 	 0 	 0 	 4 	
 4 	 0 	 0 	 0 	 0 	 0 	 9 	 1 	 1 	 9 	 0 	
 4 	 0 	 1 	 0 	 0 	 0 	 0 	 0 	 6 	 0 	 1 	
 4 	 10 	 11 	 10 	 10 	 1 	 0 	 1 	 6 	 0 	 11 	

 5 	 9 	 0 	 0 	 0 	 0 	 1 	 0 	 0 	 1 	 0 	
 5 	 0 	 0 	 0 	 12 	 0 	 1 	 0 	 0 	 0 	 1 	
 5 	 0 	 1 	 1 	 3 	 1 	 0 	 1 	 0 	 1 	 0 	
 5 	 0 	 0 	 0 	 1 	 0 	 0 	 0 	 24 	 0 	 0 	
 5 	 11 	 0 	 0 	 0 	 0 	 1 	 0 	 0 	 1 	 0 	
 5 	 0 	 1 	 1 	 0 	 1 	 32 	 1 	 1 	 0 	 1 	
 5 	 4 	 0 	 0 	 0 	 0 	 0 	 0 	 3 	 1 	 0 	
 5 	 0 	 1 	 1 	 2 	 1 	 1 	 1 	 0 	 1 	 1 	
 5 	 0 	 1 	 1 	 0 	 1 	 4 	 1 	 1 	 0 	 0 	
 5 	 1 	 0 	 0 	 1 	 0 	 0 	 0 	 0 	 22 	 0 	
 5 	 6 	 1 	 1 	 0 	 1 	 1 	 1 	 0 	 1 	 0 	
 5 	 6 	 0 	 0 	 1 	 0 	 11 	 0 	 0 	 0 	 1 	

 6 	 8 	 0 	 1 	 0 	 0 	 1 	 0 	 0 	 1 	 0 	
 6 	 0 	 1 	 1 	 0 	 0 	 2 	 0 	 0 	 2 	 0 	
 6 	 1 	 0 	 0 	 1 	 0 	 0 	 0 	 0 	 0 	 1 	
 6 	 1 	 0 	 0 	 0 	 24 	 0 	 24 	 24 	 0 	 0 	
 6 	 0 	 0 	 1 	 0 	 0 	 0 	 0 	 0 	 0 	 0 	
 6 	 0 	 1 	 32 	 1 	 1 	 1 	 1 	 1 	 1 	 0 	
 6 	 1 	 0 	 0 	 0 	 3 	 0 	 3 	 3 	 0 	 0 	
 6 	 0 	 1 	 1 	 1 	 0 	 1 	 0 	 0 	 1 	 0 	
 6 	 0 	 0 	 4 	 1 	 1 	 7 	 1 	 1 	 7 	 45 	
 6 	 9 	 0 	 0 	 0 	 0 	 0 	 0 	 0 	 0 	 0 	
 6 	 0 	 0 	 1 	 1 	 0 	 0 	 0 	 0 	 0 	 1 	
 6 	 0 	 1 	 11 	 0 	 0 	 10 	 0 	 0 	 10 	 0 	

 7 	 0 	 1 	 0 	 0 	 8 	 9 	 0 	 1 	 0 	 0 	
 7 	 12 	 0 	 0 	 0 	 0 	 0 	 0 	 1 	 12 	 0 	
 7 	 3 	 1 	 0 	 0 	 1 	 0 	 0 	 0 	 3 	 1 	
 7 	 1 	 0 	 24 	 24 	 1 	 0 	 24 	 0 	 1 	 0 	
 7 	 0 	 1 	 0 	 0 	 0 	 11 	 0 	 1 	 0 	 0 	
 7 	 0 	 0 	 1 	 1 	 0 	 0 	 1 	 32 	 0 	 1 	
 7 	 0 	 1 	 3 	 3 	 1 	 4 	 3 	 0 	 0 	 0 	
 7 	 2 	 1 	 0 	 0 	 0 	 0 	 0 	 1 	 2 	 1 	
 7 	 0 	 0 	 1 	 1 	 0 	 0 	 1 	 4 	 0 	 1 	
 7 	 1 	 22 	 0 	 0 	 9 	 1 	 0 	 0 	 1 	 0 	
 7 	 0 	 1 	 0 	 0 	 0 	 6 	 0 	 1 	 0 	 1 	
 7 	 1 	 0 	 0 	 0 	 0 	 6 	 0 	 11 	 1 	 0 	

 8 	 1 	 0 	 0 	 0 	 8 	 0 	 1 	 0 	 0 	 1 	
 8 	 2 	 0 	 0 	 0 	 0 	 0 	 1 	 0 	 0 	 0 	
 8 	 0 	 1 	 1 	 1 	 1 	 1 	 0 	 1 	 1 	 1 	
 8 	 0 	 0 	 0 	 0 	 1 	 0 	 0 	 0 	 0 	 0 	
 8 	 0 	 0 	 0 	 0 	 0 	 0 	 1 	 0 	 0 	 1 	
 8 	 1 	 0 	 1 	 0 	 0 	 1 	 32 	 1 	 0 	 0 	
 8 	 0 	 0 	 0 	 0 	 1 	 0 	 0 	 0 	 0 	 1 	
 8 	 1 	 0 	 1 	 0 	 0 	 1 	 1 	 1 	 0 	 1 	
 8 	 7 	 45 	 1 	 45 	 0 	 1 	 4 	 1 	 45 	 0 	
 8 	 0 	 0 	 0 	 0 	 9 	 0 	 0 	 0 	 0 	 22 	
 8 	 0 	 1 	 1 	 1 	 0 	 1 	 1 	 1 	 1 	 1 	
 8 	 10 	 0 	 0 	 0 	 0 	 0 	 11 	 0 	 0 	 0 	

 9 	 0 	 0 	 1 	 1 	 1 	 0 	 0 	 1 	 0 	 0 	
 9 	 0 	 0 	 0 	 2 	 1 	 0 	 0 	 0 	 0 	 12 	
 9 	 0 	 1 	 1 	 0 	 0 	 0 	 1 	 1 	 0 	 3 	
 9 	 24 	 0 	 0 	 0 	 0 	 24 	 0 	 0 	 24 	 1 	
 9 	 0 	 0 	 1 	 0 	 1 	 0 	 0 	 1 	 0 	 0 	
 9 	 1 	 1 	 0 	 1 	 32 	 1 	 0 	 0 	 1 	 0 	
 9 	 3 	 0 	 1 	 0 	 0 	 3 	 0 	 1 	 3 	 0 	
 9 	 0 	 1 	 1 	 1 	 1 	 0 	 0 	 1 	 0 	 2 	
 9 	 1 	 1 	 0 	 7 	 4 	 1 	 45 	 0 	 1 	 0 	
 9 	 0 	 0 	 22 	 0 	 0 	 0 	 0 	 22 	 0 	 1 	
 9 	 0 	 1 	 1 	 0 	 1 	 0 	 1 	 1 	 0 	 0 	
 9 	 0 	 0 	 0 	 10 	 11 	 0 	 0 	 0 	 0 	 1 	

 10 	 0 	 0 	 0 	 1 	 1 	 0 	 0 	 0 	 0 	 1 	
 10 	 0 	 1 	 12 	 2 	 0 	 0 	 12 	 12 	 0 	 2 	
 10 	 0 	 0 	 3 	 0 	 1 	 0 	 3 	 3 	 1 	 0 	
 10 	 24 	 0 	 1 	 0 	 0 	 24 	 1 	 1 	 0 	 0 	
 10 	 0 	 0 	 0 	 0 	 1 	 0 	 0 	 0 	 0 	 0 	
 10 	 1 	 1 	 0 	 1 	 0 	 1 	 0 	 0 	 0 	 1 	
 10 	 3 	 0 	 0 	 0 	 1 	 3 	 0 	 0 	 0 	 0 	
 10 	 0 	 1 	 2 	 1 	 1 	 0 	 2 	 2 	 0 	 1 	
 10 	 1 	 0 	 0 	 7 	 0 	 1 	 0 	 0 	 45 	 7 	
 10 	 0 	 0 	 1 	 0 	 22 	 0 	 1 	 1 	 0 	 0 	
 10 	 0 	 0 	 0 	 0 	 1 	 0 	 0 	 0 	 1 	 0 	
 10 	 0 	 1 	 1 	 10 	 0 	 0 	 1 	 1 	 0 	 10 	

 11 	 1 	 0 	 1 	 1 	 1 	 0 	 8 	 1 	 0 	 0 	
 11 	 0 	 1 	 1 	 2 	 0 	 12 	 0 	 0 	 0 	 0 	
 11 	 1 	 0 	 0 	 0 	 1 	 3 	 1 	 1 	 1 	 0 	
 11 	 0 	 0 	 0 	 0 	 0 	 1 	 1 	 0 	 0 	 24 	
 11 	 1 	 0 	 1 	 0 	 1 	 0 	 0 	 1 	 0 	 0 	
 11 	 0 	 1 	 32 	 1 	 0 	 0 	 0 	 0 	 1 	 1 	
 11 	 1 	 0 	 0 	 0 	 1 	 0 	 1 	 1 	 0 	 3 	
 11 	 1 	 1 	 1 	 1 	 1 	 2 	 0 	 1 	 1 	 0 	
 11 	 0 	 0 	 4 	 7 	 0 	 0 	 0 	 0 	 1 	 1 	
 11 	 22 	 0 	 0 	 0 	 22 	 1 	 9 	 22 	 0 	 0 	
 11 	 1 	 0 	 1 	 0 	 1 	 0 	 0 	 1 	 1 	 0 	
 11 	 0 	 1 	 11 	 10 	 0 	 1 	 0 	 0 	 0 	 0 	

 12 	 0 	 0 	 8 	 1 	 0 	 0 	 1 	 1 	 9 	 8 	
 12 	 0 	 0 	 0 	 2 	 0 	 0 	 1 	 1 	 0 	 0 	
 12 	 1 	 0 	 1 	 0 	 1 	 1 	 0 	 0 	 0 	 1 	
 12 	 0 	 24 	 1 	 0 	 0 	 0 	 0 	 0 	 0 	 1 	
 12 	 0 	 0 	 0 	 0 	 0 	 0 	 1 	 1 	 11 	 0 	
 12 	 1 	 1 	 0 	 1 	 0 	 1 	 32 	 32 	 0 	 0 	
 12 	 0 	 3 	 1 	 0 	 0 	 0 	 0 	 0 	 4 	 1 	
 12 	 1 	 0 	 0 	 1 	 0 	 1 	 1 	 1 	 0 	 0 	
 12 	 1 	 1 	 0 	 7 	 45 	 1 	 4 	 4 	 0 	 0 	
 12 	 0 	 0 	 9 	 0 	 0 	 0 	 0 	 0 	 1 	 9 	
 12 	 1 	 0 	 0 	 0 	 1 	 1 	 1 	 1 	 6 	 0 	
 12 	 0 	 0 	 0 	 10 	 0 	 0 	 11 	 11 	 6 	 0 	

 13 	 1 	 8 	 8 	 1 	 0 	 9 	 0 	 9 	 0 	 0 	
 13 	 1 	 0 	 0 	 0 	 12 	 0 	 1 	 0 	 0 	 1 	
 13 	 0 	 1 	 1 	 1 	 3 	 0 	 0 	 0 	 1 	 0 	
 13 	 0 	 1 	 1 	 0 	 1 	 0 	 0 	 0 	 0 	 0 	
 13 	 1 	 0 	 0 	 1 	 0 	 11 	 0 	 11 	 0 	 0 	
 13 	 32 	 0 	 0 	 0 	 0 	 0 	 1 	 0 	 0 	 1 	
 13 	 0 	 1 	 1 	 1 	 0 	 4 	 0 	 4 	 0 	 0 	
 13 	 1 	 0 	 0 	 1 	 2 	 0 	 1 	 0 	 0 	 1 	
 13 	 4 	 0 	 0 	 0 	 0 	 0 	 0 	 0 	 45 	 0 	
 13 	 0 	 9 	 9 	 22 	 1 	 1 	 0 	 1 	 0 	 0 	
 13 	 1 	 0 	 0 	 1 	 0 	 6 	 0 	 6 	 1 	 0 	
 13 	 11 	 0 	 0 	 0 	 1 	 6 	 1 	 6 	 0 	 1 	

 14 	 1 	 9 	 0 	 9 	 1 	 0 	 0 	 1 	 1 	 0 	
 14 	 2 	 0 	 12 	 0 	 0 	 0 	 0 	 1 	 2 	 0 	
 14 	 0 	 0 	 3 	 0 	 1 	 1 	 1 	 0 	 0 	 1 	
 14 	 0 	 0 	 1 	 0 	 0 	 0 	 0 	 0 	 0 	 0 	
 14 	 0 	 11 	 0 	 11 	 1 	 0 	 0 	 1 	 0 	 0 	
 14 	 1 	 0 	 0 	 0 	 0 	 1 	 1 	 32 	 1 	 0 	
 14 	 0 	 4 	 0 	 4 	 1 	 0 	 0 	 0 	 0 	 0 	
 14 	 1 	 0 	 2 	 0 	 1 	 1 	 1 	 1 	 1 	 0 	
 14 	 7 	 0 	 0 	 0 	 0 	 1 	 1 	 4 	 7 	 45 	
 14 	 0 	 1 	 1 	 1 	 22 	 0 	 0 	 0 	 0 	 0 	
 14 	 0 	 6 	 0 	 6 	 1 	 1 	 1 	 1 	 0 	 1 	
 14 	 10 	 6 	 1 	 6 	 0 	 0 	 0 	 11 	 10 	 0 	

 15 	 0 	 1 	 9 	 1 	 0 	 1 	 1 	 0 	 8 	 0 	
 15 	 1 	 0 	 0 	 2 	 0 	 1 	 1 	 12 	 0 	 0 	
 15 	 0 	 1 	 0 	 0 	 0 	 0 	 0 	 3 	 1 	 1 	
 15 	 0 	 0 	 0 	 0 	 24 	 0 	 0 	 1 	 1 	 0 	
 15 	 0 	 1 	 11 	 0 	 0 	 1 	 1 	 0 	 0 	 0 	
 15 	 1 	 0 	 0 	 1 	 1 	 32 	 32 	 0 	 0 	 1 	
 15 	 0 	 1 	 4 	 0 	 3 	 0 	 0 	 0 	 1 	 0 	
 15 	 1 	 1 	 0 	 1 	 0 	 1 	 1 	 2 	 0 	 1 	
 15 	 0 	 0 	 0 	 7 	 1 	 4 	 4 	 0 	 0 	 1 	
 15 	 0 	 22 	 1 	 0 	 0 	 0 	 0 	 1 	 9 	 0 	
 15 	 0 	 1 	 6 	 0 	 0 	 1 	 1 	 0 	 0 	 1 	
 15 	 1 	 0 	 6 	 10 	 0 	 11 	 11 	 1 	 0 	 0 	

 16 	 0 	 1 	 8 	 8 	 1 	 1 	 9 	 0 	 0 	 9 	
 16 	 1 	 1 	 0 	 0 	 1 	 1 	 0 	 1 	 0 	 0 	
 16 	 0 	 0 	 1 	 1 	 0 	 0 	 0 	 0 	 1 	 0 	
 16 	 0 	 0 	 1 	 1 	 0 	 0 	 0 	 0 	 0 	 0 	
 16 	 0 	 1 	 0 	 0 	 1 	 1 	 11 	 0 	 0 	 11 	
 16 	 1 	 32 	 0 	 0 	 32 	 32 	 0 	 1 	 0 	 0 	
 16 	 0 	 0 	 1 	 1 	 0 	 0 	 4 	 0 	 0 	 4 	
 16 	 1 	 1 	 0 	 0 	 1 	 1 	 0 	 1 	 0 	 0 	
 16 	 0 	 4 	 0 	 0 	 4 	 4 	 0 	 0 	 45 	 0 	
 16 	 0 	 0 	 9 	 9 	 0 	 0 	 1 	 0 	 0 	 1 	
 16 	 0 	 1 	 0 	 0 	 1 	 1 	 6 	 0 	 1 	 6 	
 16 	 1 	 11 	 0 	 0 	 11 	 11 	 6 	 1 	 0 	 6 	

 17 	 0 	 8 	 9 	 0 	 0 	 0 	 8 	 9 	 0 	 0 	
 17 	 0 	 0 	 0 	 12 	 0 	 0 	 0 	 0 	 12 	 12 	
 17 	 1 	 1 	 0 	 3 	 0 	 1 	 1 	 0 	 3 	 3 	
 17 	 0 	 1 	 0 	 1 	 24 	 0 	 1 	 0 	 1 	 1 	
 17 	 0 	 0 	 11 	 0 	 0 	 0 	 0 	 11 	 0 	 0 	
 17 	 1 	 0 	 0 	 0 	 1 	 1 	 0 	 0 	 0 	 0 	
 17 	 0 	 1 	 4 	 0 	 3 	 0 	 1 	 4 	 0 	 0 	
 17 	 1 	 0 	 0 	 2 	 0 	 1 	 0 	 0 	 2 	 2 	
 17 	 1 	 0 	 0 	 0 	 1 	 1 	 0 	 0 	 0 	 0 	
 17 	 0 	 9 	 1 	 1 	 0 	 0 	 9 	 1 	 1 	 1 	
 17 	 1 	 0 	 6 	 0 	 0 	 1 	 0 	 6 	 0 	 0 	
 17 	 0 	 0 	 6 	 1 	 0 	 0 	 0 	 6 	 1 	 1 	

 18 	 1 	 8 	 0 	 1 	 1 	 0 	 1 	 0 	 0 	 0 	
 18 	 0 	 0 	 0 	 2 	 1 	 12 	 1 	 1 	 0 	 1 	
 18 	 1 	 1 	 0 	 0 	 0 	 3 	 0 	 0 	 1 	 0 	
 18 	 0 	 1 	 24 	 0 	 0 	 1 	 0 	 0 	 0 	 0 	
 18 	 1 	 0 	 0 	 0 	 1 	 0 	 1 	 0 	 0 	 0 	
 18 	 0 	 0 	 1 	 1 	 32 	 0 	 32 	 1 	 1 	 1 	
 18 	 1 	 1 	 3 	 0 	 0 	 0 	 0 	 0 	 0 	 0 	
 18 	 1 	 0 	 0 	 1 	 1 	 2 	 1 	 1 	 1 	 1 	
 18 	 0 	 0 	 1 	 7 	 4 	 0 	 4 	 0 	 1 	 0 	
 18 	 22 	 9 	 0 	 0 	 0 	 1 	 0 	 0 	 0 	 0 	
 18 	 1 	 0 	 0 	 0 	 1 	 0 	 1 	 0 	 1 	 0 	
 18 	 0 	 0 	 0 	 10 	 11 	 1 	 11 	 1 	 0 	 1 	

 19 	 1 	 0 	 1 	 1 	 0 	 8 	 0 	 0 	 1 	 0 	
 19 	 2 	 0 	 1 	 2 	 0 	 0 	 0 	 0 	 1 	 0 	
 19 	 0 	 0 	 0 	 0 	 1 	 1 	 1 	 1 	 0 	 0 	
 19 	 0 	 24 	 0 	 0 	 0 	 1 	 0 	 0 	 0 	 24 	
 19 	 0 	 0 	 1 	 0 	 0 	 0 	 0 	 0 	 1 	 0 	
 19 	 1 	 1 	 32 	 1 	 0 	 0 	 0 	 1 	 32 	 1 	
 19 	 0 	 3 	 0 	 0 	 0 	 1 	 0 	 0 	 0 	 3 	
 19 	 1 	 0 	 1 	 1 	 0 	 0 	 0 	 1 	 1 	 0 	
 19 	 7 	 1 	 4 	 7 	 45 	 0 	 45 	 1 	 4 	 1 	
 19 	 0 	 0 	 0 	 0 	 0 	 9 	 0 	 0 	 0 	 0 	
 19 	 0 	 0 	 1 	 0 	 1 	 0 	 1 	 1 	 1 	 0 	
 19 	 10 	 0 	 11 	 10 	 0 	 0 	 0 	 0 	 11 	 0 	

 20 	 1 	 0 	 1 	 1 	 0 	 8 	 9 	 0 	 9 	 8 	
 20 	 2 	 0 	 1 	 0 	 0 	 0 	 0 	 0 	 0 	 0 	
 20 	 0 	 1 	 0 	 1 	 0 	 1 	 0 	 1 	 0 	 1 	
 20 	 0 	 0 	 0 	 0 	 24 	 1 	 0 	 0 	 0 	 1 	
 20 	 0 	 0 	 1 	 1 	 0 	 0 	 11 	 0 	 11 	 0 	
 20 	 1 	 0 	 32 	 0 	 1 	 0 	 0 	 1 	 0 	 0 	
 20 	 0 	 0 	 0 	 1 	 3 	 1 	 4 	 0 	 4 	 1 	
 20 	 1 	 0 	 1 	 1 	 0 	 0 	 0 	 1 	 0 	 0 	
 20 	 7 	 45 	 4 	 0 	 1 	 0 	 0 	 1 	 0 	 0 	
 20 	 0 	 0 	 0 	 22 	 0 	 9 	 1 	 0 	 1 	 9 	
 20 	 0 	 1 	 1 	 1 	 0 	 0 	 6 	 1 	 6 	 0 	
 20 	 10 	 0 	 11 	 0 	 0 	 0 	 6 	 0 	 6 	 0 	

 21 	 9 	 8 	 0 	 0 	 9 	 0 	 0 	 0 	 1 	 9 	
 21 	 0 	 0 	 12 	 0 	 0 	 12 	 0 	 1 	 1 	 0 	
 21 	 0 	 1 	 3 	 1 	 0 	 3 	 0 	 0 	 0 	 0 	
 21 	 0 	 1 	 1 	 0 	 0 	 1 	 24 	 0 	 0 	 0 	
 21 	 11 	 0 	 0 	 0 	 11 	 0 	 0 	 0 	 1 	 11 	
 21 	 0 	 0 	 0 	 1 	 0 	 0 	 1 	 1 	 32 	 0 	
 21 	 4 	 1 	 0 	 0 	 4 	 0 	 3 	 0 	 0 	 4 	
 21 	 0 	 0 	 2 	 1 	 0 	 2 	 0 	 1 	 1 	 0 	
 21 	 0 	 0 	 0 	 1 	 0 	 0 	 1 	 0 	 4 	 0 	
 21 	 1 	 9 	 1 	 0 	 1 	 1 	 0 	 0 	 0 	 1 	
 21 	 6 	 0 	 0 	 1 	 6 	 0 	 0 	 0 	 1 	 6 	
 21 	 6 	 0 	 1 	 0 	 6 	 1 	 0 	 1 	 11 	 6 	

 22 	 0 	 0 	 0 	 0 	 1 	 1 	 0 	 9 	 0 	 0 	
 22 	 0 	 0 	 0 	 1 	 1 	 2 	 0 	 0 	 0 	 0 	
 22 	 1 	 1 	 0 	 0 	 0 	 0 	 1 	 0 	 0 	 1 	
 22 	 0 	 0 	 24 	 0 	 0 	 0 	 0 	 0 	 24 	 0 	
 22 	 0 	 0 	 0 	 0 	 1 	 0 	 0 	 11 	 0 	 0 	
 22 	 1 	 1 	 1 	 1 	 32 	 1 	 1 	 0 	 1 	 0 	
 22 	 0 	 0 	 3 	 0 	 0 	 0 	 0 	 4 	 3 	 0 	
 22 	 1 	 1 	 0 	 1 	 1 	 1 	 1 	 0 	 0 	 0 	
 22 	 1 	 1 	 1 	 0 	 4 	 7 	 1 	 0 	 1 	 45 	
 22 	 0 	 0 	 0 	 0 	 0 	 0 	 0 	 1 	 0 	 0 	
 22 	 1 	 1 	 0 	 0 	 1 	 0 	 1 	 6 	 0 	 1 	
 22 	 0 	 0 	 0 	 1 	 11 	 10 	 0 	 6 	 0 	 0 	

 23 	 1 	 9 	 1 	 0 	 1 	 9 	 1 	 0 	 1 	 0 	
 23 	 1 	 0 	 2 	 12 	 2 	 0 	 2 	 0 	 2 	 0 	
 23 	 0 	 0 	 0 	 3 	 0 	 0 	 0 	 1 	 0 	 1 	
 23 	 0 	 0 	 0 	 1 	 0 	 0 	 0 	 0 	 0 	 0 	
 23 	 1 	 11 	 0 	 0 	 0 	 11 	 0 	 0 	 0 	 0 	
 23 	 32 	 0 	 1 	 0 	 1 	 0 	 1 	 0 	 1 	 1 	
 23 	 0 	 4 	 0 	 0 	 0 	 4 	 0 	 0 	 0 	 0 	
 23 	 1 	 0 	 1 	 2 	 1 	 0 	 1 	 0 	 1 	 1 	
 23 	 4 	 0 	 7 	 0 	 7 	 0 	 7 	 45 	 7 	 1 	
 23 	 0 	 1 	 0 	 1 	 0 	 1 	 0 	 0 	 0 	 0 	
 23 	 1 	 6 	 0 	 0 	 0 	 6 	 0 	 1 	 0 	 1 	
 23 	 11 	 6 	 10 	 1 	 10 	 6 	 10 	 0 	 10 	 0 	

 24 	 1 	 0 	 0 	 8 	 0 	 0 	 1 	 0 	 0 	 1 	
 24 	 2 	 0 	 12 	 0 	 1 	 0 	 0 	 12 	 0 	 0 	
 24 	 0 	 0 	 3 	 1 	 0 	 1 	 1 	 3 	 1 	 1 	
 24 	 0 	 24 	 1 	 1 	 0 	 0 	 0 	 1 	 0 	 0 	
 24 	 0 	 0 	 0 	 0 	 0 	 0 	 1 	 0 	 0 	 1 	
 24 	 1 	 1 	 0 	 0 	 1 	 1 	 0 	 0 	 1 	 0 	
 24 	 0 	 3 	 0 	 1 	 0 	 0 	 1 	 0 	 0 	 1 	
 24 	 1 	 0 	 2 	 0 	 1 	 1 	 1 	 2 	 1 	 1 	
 24 	 7 	 1 	 0 	 0 	 0 	 1 	 0 	 0 	 1 	 0 	
 24 	 0 	 0 	 1 	 9 	 0 	 0 	 22 	 1 	 0 	 22 	
 24 	 0 	 0 	 0 	 0 	 0 	 1 	 1 	 0 	 1 	 1 	
 24 	 10 	 0 	 1 	 0 	 1 	 0 	 0 	 1 	 0 	 0 	

 25 	 0 	 1 	 1 	 9 	 1 	 0 	 0 	 1 	 8 	 1 	
 25 	 0 	 1 	 2 	 0 	 2 	 0 	 1 	 2 	 0 	 1 	
 25 	 0 	 0 	 0 	 0 	 0 	 0 	 0 	 0 	 1 	 0 	
 25 	 24 	 0 	 0 	 0 	 0 	 24 	 0 	 0 	 1 	 0 	
 25 	 0 	 1 	 0 	 11 	 0 	 0 	 0 	 0 	 0 	 1 	
 25 	 1 	 32 	 1 	 0 	 1 	 1 	 1 	 1 	 0 	 32 	
 25 	 3 	 0 	 0 	 4 	 0 	 3 	 0 	 0 	 1 	 0 	
 25 	 0 	 1 	 1 	 0 	 1 	 0 	 1 	 1 	 0 	 1 	
 25 	 1 	 4 	 7 	 0 	 7 	 1 	 0 	 7 	 0 	 4 	
 25 	 0 	 0 	 0 	 1 	 0 	 0 	 0 	 0 	 9 	 0 	
 25 	 0 	 1 	 0 	 6 	 0 	 0 	 0 	 0 	 0 	 1 	
 25 	 0 	 11 	 10 	 6 	 10 	 0 	 1 	 10 	 0 	 11 	

 26 	 0 	 1 	 1 	 1 	 0 	 0 	 9 	 1 	 0 	 1 	
 26 	 0 	 2 	 0 	 0 	 12 	 0 	 0 	 0 	 0 	 2 	
 26 	 0 	 0 	 1 	 1 	 3 	 0 	 0 	 1 	 1 	 0 	
 26 	 24 	 0 	 0 	 0 	 1 	 24 	 0 	 0 	 0 	 0 	
 26 	 0 	 0 	 1 	 1 	 0 	 0 	 11 	 1 	 0 	 0 	
 26 	 1 	 1 	 0 	 0 	 0 	 1 	 0 	 0 	 1 	 1 	
 26 	 3 	 0 	 1 	 1 	 0 	 3 	 4 	 1 	 0 	 0 	
 26 	 0 	 1 	 1 	 1 	 2 	 0 	 0 	 1 	 1 	 1 	
 26 	 1 	 7 	 0 	 0 	 0 	 1 	 0 	 0 	 1 	 7 	
 26 	 0 	 0 	 22 	 22 	 1 	 0 	 1 	 22 	 0 	 0 	
 26 	 0 	 0 	 1 	 1 	 0 	 0 	 6 	 1 	 1 	 0 	
 26 	 0 	 10 	 0 	 0 	 1 	 0 	 6 	 0 	 0 	 10 	

 27 	 0 	 1 	 0 	 0 	 0 	 1 	 8 	 8 	 0 	 0 	
 27 	 0 	 0 	 0 	 12 	 1 	 0 	 0 	 0 	 0 	 0 	
 27 	 1 	 1 	 1 	 3 	 0 	 1 	 1 	 1 	 1 	 0 	
 27 	 0 	 0 	 0 	 1 	 0 	 0 	 1 	 1 	 0 	 24 	
 27 	 0 	 1 	 0 	 0 	 0 	 1 	 0 	 0 	 0 	 0 	
 27 	 0 	 0 	 0 	 0 	 1 	 0 	 0 	 0 	 1 	 1 	
 27 	 0 	 1 	 0 	 0 	 0 	 1 	 1 	 1 	 0 	 3 	
 27 	 0 	 1 	 0 	 2 	 1 	 1 	 0 	 0 	 1 	 0 	
 27 	 45 	 0 	 45 	 0 	 0 	 0 	 0 	 0 	 1 	 1 	
 27 	 0 	 22 	 0 	 1 	 0 	 22 	 9 	 9 	 0 	 0 	
 27 	 1 	 1 	 1 	 0 	 0 	 1 	 0 	 0 	 1 	 0 	
 27 	 0 	 0 	 0 	 1 	 1 	 0 	 0 	 0 	 0 	 0 	

 28 	 9 	 1 	 0 	 0 	 1 	 0 	 1 	 0 	 9 	 8 	
 28 	 0 	 1 	 12 	 12 	 0 	 12 	 1 	 1 	 0 	 0 	
 28 	 0 	 0 	 3 	 3 	 1 	 3 	 0 	 0 	 0 	 1 	
 28 	 0 	 0 	 1 	 1 	 0 	 1 	 0 	 0 	 0 	 1 	
 28 	 11 	 1 	 0 	 0 	 1 	 0 	 1 	 0 	 11 	 0 	
 28 	 0 	 32 	 0 	 0 	 0 	 0 	 32 	 1 	 0 	 0 	
 28 	 4 	 0 	 0 	 0 	 1 	 0 	 0 	 0 	 4 	 1 	
 28 	 0 	 1 	 2 	 2 	 1 	 2 	 1 	 1 	 0 	 0 	
 28 	 0 	 4 	 0 	 0 	 0 	 0 	 4 	 0 	 0 	 0 	
 28 	 1 	 0 	 1 	 1 	 22 	 1 	 0 	 0 	 1 	 9 	
 28 	 6 	 1 	 0 	 0 	 1 	 0 	 1 	 0 	 6 	 0 	
 28 	 6 	 11 	 1 	 1 	 0 	 1 	 11 	 1 	 6 	 0 	

 29 	 1 	 1 	 0 	 0 	 8 	 0 	 1 	 1 	 0 	 9 	
 29 	 1 	 1 	 0 	 0 	 0 	 1 	 1 	 2 	 0 	 0 	
 29 	 0 	 0 	 0 	 1 	 1 	 0 	 0 	 0 	 1 	 0 	
 29 	 0 	 0 	 24 	 0 	 1 	 0 	 0 	 0 	 0 	 0 	
 29 	 1 	 1 	 0 	 0 	 0 	 0 	 1 	 0 	 0 	 11 	
 29 	 32 	 32 	 1 	 0 	 0 	 1 	 32 	 1 	 1 	 0 	
 29 	 0 	 0 	 3 	 0 	 1 	 0 	 0 	 0 	 0 	 4 	
 29 	 1 	 1 	 0 	 0 	 0 	 1 	 1 	 1 	 1 	 0 	
 29 	 4 	 4 	 1 	 45 	 0 	 0 	 4 	 7 	 1 	 0 	
 29 	 0 	 0 	 0 	 0 	 9 	 0 	 0 	 0 	 0 	 1 	
 29 	 1 	 1 	 0 	 1 	 0 	 0 	 1 	 0 	 1 	 6 	
 29 	 11 	 11 	 0 	 0 	 0 	 1 	 11 	 10 	 0 	 6 	

 30 	 1 	 1 	 1 	 0 	 0 	 8 	 0 	 0 	 0 	 0 	
 30 	 2 	 2 	 0 	 0 	 12 	 0 	 0 	 0 	 0 	 0 	
 30 	 0 	 0 	 1 	 0 	 3 	 1 	 1 	 0 	 0 	 1 	
 30 	 0 	 0 	 0 	 24 	 1 	 1 	 0 	 24 	 24 	 0 	
 30 	 0 	 0 	 1 	 0 	 0 	 0 	 0 	 0 	 0 	 0 	
 30 	 1 	 1 	 0 	 1 	 0 	 0 	 0 	 1 	 1 	 0 	
 30 	 0 	 0 	 1 	 3 	 0 	 1 	 0 	 3 	 3 	 0 	
 30 	 1 	 1 	 1 	 0 	 2 	 0 	 0 	 0 	 0 	 0 	
 30 	 7 	 7 	 0 	 1 	 0 	 0 	 45 	 1 	 1 	 45 	
 30 	 0 	 0 	 22 	 0 	 1 	 9 	 0 	 0 	 0 	 0 	
 30 	 0 	 0 	 1 	 0 	 0 	 0 	 1 	 0 	 0 	 1 	
 30 	 10 	 10 	 0 	 0 	 1 	 0 	 0 	 0 	 0 	 0 	

 31 	 9 	 0 	 0 	 1 	 1 	 1 	 9 	 1 	 9 	 0 	
 31 	 0 	 1 	 0 	 0 	 1 	 1 	 0 	 0 	 0 	 0 	
 31 	 0 	 0 	 1 	 1 	 0 	 0 	 0 	 1 	 0 	 1 	
 31 	 0 	 0 	 0 	 0 	 0 	 0 	 0 	 0 	 0 	 0 	
 31 	 11 	 0 	 0 	 1 	 1 	 1 	 11 	 1 	 11 	 0 	
 31 	 0 	 1 	 1 	 0 	 32 	 32 	 0 	 0 	 0 	 1 	
 31 	 4 	 0 	 0 	 1 	 0 	 0 	 4 	 1 	 4 	 0 	
 31 	 0 	 1 	 1 	 1 	 1 	 1 	 0 	 1 	 0 	 1 	
 31 	 0 	 0 	 1 	 0 	 4 	 4 	 0 	 0 	 0 	 1 	
 31 	 1 	 0 	 0 	 22 	 0 	 0 	 1 	 22 	 1 	 0 	
 31 	 6 	 0 	 1 	 1 	 1 	 1 	 6 	 1 	 6 	 1 	
 31 	 6 	 1 	 0 	 0 	 11 	 11 	 6 	 0 	 6 	 0 	

 32 	 0 	 0 	 0 	 0 	 1 	 1 	 8 	 0 	 0 	 1 	
 32 	 1 	 0 	 0 	 1 	 2 	 1 	 0 	 0 	 0 	 0 	
 32 	 0 	 1 	 1 	 0 	 0 	 0 	 1 	 1 	 1 	 1 	
 32 	 0 	 0 	 0 	 0 	 0 	 0 	 1 	 0 	 0 	 0 	
 32 	 0 	 0 	 0 	 0 	 0 	 1 	 0 	 0 	 0 	 1 	
 32 	 1 	 0 	 0 	 1 	 1 	 32 	 0 	 1 	 1 	 0 	
 32 	 0 	 0 	 0 	 0 	 0 	 0 	 1 	 0 	 0 	 1 	
 32 	 1 	 0 	 0 	 1 	 1 	 1 	 0 	 1 	 1 	 1 	
 32 	 0 	 45 	 45 	 0 	 7 	 4 	 0 	 1 	 1 	 0 	
 32 	 0 	 0 	 0 	 0 	 0 	 0 	 9 	 0 	 0 	 22 	
 32 	 0 	 1 	 1 	 0 	 0 	 1 	 0 	 1 	 1 	 1 	
 32 	 1 	 0 	 0 	 1 	 10 	 11 	 0 	 0 	 0 	 0 	

 33 	 1 	 0 	 0 	 8 	 1 	 0 	 0 	 0 	 1 	 1 	
 33 	 2 	 12 	 0 	 0 	 1 	 0 	 0 	 0 	 2 	 1 	
 33 	 0 	 3 	 1 	 1 	 0 	 1 	 0 	 1 	 0 	 0 	
 33 	 0 	 1 	 0 	 1 	 0 	 0 	 24 	 0 	 0 	 0 	
 33 	 0 	 0 	 0 	 0 	 1 	 0 	 0 	 0 	 0 	 1 	
 33 	 1 	 0 	 1 	 0 	 32 	 1 	 1 	 1 	 1 	 32 	
 33 	 0 	 0 	 0 	 1 	 0 	 0 	 3 	 0 	 0 	 0 	
 33 	 1 	 2 	 1 	 0 	 1 	 1 	 0 	 1 	 1 	 1 	
 33 	 7 	 0 	 1 	 0 	 4 	 1 	 1 	 1 	 7 	 4 	
 33 	 0 	 1 	 0 	 9 	 0 	 0 	 0 	 0 	 0 	 0 	
 33 	 0 	 0 	 1 	 0 	 1 	 1 	 0 	 1 	 0 	 1 	
 33 	 10 	 1 	 0 	 0 	 11 	 0 	 0 	 0 	 10 	 11 	

 34 	 0 	 0 	 9 	 0 	 0 	 1 	 1 	 0 	 0 	 1 	
 34 	 12 	 1 	 0 	 12 	 0 	 0 	 1 	 0 	 0 	 2 	
 34 	 3 	 0 	 0 	 3 	 1 	 1 	 0 	 1 	 1 	 0 	
 34 	 1 	 0 	 0 	 1 	 0 	 0 	 0 	 0 	 0 	 0 	
 34 	 0 	 0 	 11 	 0 	 0 	 1 	 1 	 0 	 0 	 0 	
 34 	 0 	 1 	 0 	 0 	 0 	 0 	 32 	 0 	 1 	 1 	
 34 	 0 	 0 	 4 	 0 	 0 	 1 	 0 	 0 	 0 	 0 	
 34 	 2 	 1 	 0 	 2 	 0 	 1 	 1 	 0 	 1 	 1 	
 34 	 0 	 0 	 0 	 0 	 45 	 0 	 4 	 45 	 1 	 7 	
 34 	 1 	 0 	 1 	 1 	 0 	 22 	 0 	 0 	 0 	 0 	
 34 	 0 	 0 	 6 	 0 	 1 	 1 	 1 	 1 	 1 	 0 	
 34 	 1 	 1 	 6 	 1 	 0 	 0 	 11 	 0 	 0 	 10 	

 35 	 0 	 1 	 0 	 9 	 8 	 8 	 0 	 0 	 0 	 0 	
 35 	 1 	 0 	 0 	 0 	 0 	 0 	 1 	 12 	 1 	 0 	
 35 	 0 	 1 	 0 	 0 	 1 	 1 	 0 	 3 	 0 	 0 	
 35 	 0 	 0 	 24 	 0 	 1 	 1 	 0 	 1 	 0 	 24 	
 35 	 0 	 1 	 0 	 11 	 0 	 0 	 0 	 0 	 0 	 0 	
 35 	 1 	 0 	 1 	 0 	 0 	 0 	 1 	 0 	 1 	 1 	
 35 	 0 	 1 	 3 	 4 	 1 	 1 	 0 	 0 	 0 	 3 	
 35 	 1 	 1 	 0 	 0 	 0 	 0 	 1 	 2 	 1 	 0 	
 35 	 0 	 0 	 1 	 0 	 0 	 0 	 0 	 0 	 0 	 1 	
 35 	 0 	 22 	 0 	 1 	 9 	 9 	 0 	 1 	 0 	 0 	
 35 	 0 	 1 	 0 	 6 	 0 	 0 	 0 	 0 	 0 	 0 	
 35 	 1 	 0 	 0 	 6 	 0 	 0 	 1 	 1 	 1 	 0 	

 36 	 0 	 0 	 0 	 0 	 1 	 8 	 8 	 0 	 0 	 8 	
 36 	 1 	 0 	 0 	 12 	 1 	 0 	 0 	 12 	 12 	 0 	
 36 	 0 	 0 	 0 	 3 	 0 	 1 	 1 	 3 	 3 	 1 	
 36 	 0 	 24 	 24 	 1 	 0 	 1 	 1 	 1 	 1 	 1 	
 36 	 0 	 0 	 0 	 0 	 1 	 0 	 0 	 0 	 0 	 0 	
 36 	 1 	 1 	 1 	 0 	 32 	 0 	 0 	 0 	 0 	 0 	
 36 	 0 	 3 	 3 	 0 	 0 	 1 	 1 	 0 	 0 	 1 	
 36 	 1 	 0 	 0 	 2 	 1 	 0 	 0 	 2 	 2 	 0 	
 36 	 0 	 1 	 1 	 0 	 4 	 0 	 0 	 0 	 0 	 0 	
 36 	 0 	 0 	 0 	 1 	 0 	 9 	 9 	 1 	 1 	 9 	
 36 	 0 	 0 	 0 	 0 	 1 	 0 	 0 	 0 	 0 	 0 	
 36 	 1 	 0 	 0 	 1 	 11 	 0 	 0 	 1 	 1 	 0 	

 37 	 9 	 0 	 1 	 9 	 0 	 0 	 1 	 8 	 0 	 9 	
 37 	 0 	 12 	 0 	 0 	 0 	 12 	 2 	 0 	 1 	 0 	
 37 	 0 	 3 	 1 	 0 	 1 	 3 	 0 	 1 	 0 	 0 	
 37 	 0 	 1 	 0 	 0 	 0 	 1 	 0 	 1 	 0 	 0 	
 37 	 11 	 0 	 1 	 11 	 0 	 0 	 0 	 0 	 0 	 11 	
 37 	 0 	 0 	 0 	 0 	 0 	 0 	 1 	 0 	 1 	 0 	
 37 	 4 	 0 	 1 	 4 	 0 	 0 	 0 	 1 	 0 	 4 	
 37 	 0 	 2 	 1 	 0 	 0 	 2 	 1 	 0 	 1 	 0 	
 37 	 0 	 0 	 0 	 0 	 45 	 0 	 7 	 0 	 0 	 0 	
 37 	 1 	 1 	 22 	 1 	 0 	 1 	 0 	 9 	 0 	 1 	
 37 	 6 	 0 	 1 	 6 	 1 	 0 	 0 	 0 	 0 	 6 	
 37 	 6 	 1 	 0 	 6 	 0 	 1 	 10 	 0 	 1 	 6 	

 38 	 0 	 9 	 9 	 1 	 0 	 1 	 1 	 0 	 0 	 0 	
 38 	 1 	 0 	 0 	 1 	 0 	 1 	 2 	 12 	 0 	 0 	
 38 	 0 	 0 	 0 	 0 	 1 	 0 	 0 	 3 	 0 	 1 	
 38 	 0 	 0 	 0 	 0 	 0 	 0 	 0 	 1 	 24 	 0 	
 38 	 0 	 11 	 11 	 1 	 0 	 1 	 0 	 0 	 0 	 0 	
 38 	 1 	 0 	 0 	 32 	 0 	 32 	 1 	 0 	 1 	 0 	
 38 	 0 	 4 	 4 	 0 	 0 	 0 	 0 	 0 	 3 	 0 	
 38 	 1 	 0 	 0 	 1 	 0 	 1 	 1 	 2 	 0 	 0 	
 38 	 0 	 0 	 0 	 4 	 45 	 4 	 7 	 0 	 1 	 45 	
 38 	 0 	 1 	 1 	 0 	 0 	 0 	 0 	 1 	 0 	 0 	
 38 	 0 	 6 	 6 	 1 	 1 	 1 	 0 	 0 	 0 	 1 	
 38 	 1 	 6 	 6 	 11 	 0 	 11 	 10 	 1 	 0 	 0 	

 39 	 1 	 0 	 0 	 9 	 0 	 0 	 1 	 0 	 1 	 0 	
 39 	 2 	 0 	 0 	 0 	 0 	 0 	 2 	 0 	 2 	 0 	
 39 	 0 	 0 	 1 	 0 	 1 	 1 	 0 	 1 	 0 	 1 	
 39 	 0 	 24 	 0 	 0 	 0 	 0 	 0 	 0 	 0 	 0 	
 39 	 0 	 0 	 0 	 11 	 0 	 0 	 0 	 0 	 0 	 0 	
 39 	 1 	 1 	 1 	 0 	 1 	 1 	 1 	 1 	 1 	 1 	
 39 	 0 	 3 	 0 	 4 	 0 	 0 	 0 	 0 	 0 	 0 	
 39 	 1 	 0 	 1 	 0 	 1 	 1 	 1 	 1 	 1 	 1 	
 39 	 7 	 1 	 1 	 0 	 1 	 1 	 7 	 1 	 7 	 1 	
 39 	 0 	 0 	 0 	 1 	 0 	 0 	 0 	 0 	 0 	 0 	
 39 	 0 	 0 	 1 	 6 	 1 	 1 	 0 	 1 	 0 	 1 	
 39 	 10 	 0 	 0 	 6 	 0 	 0 	 10 	 0 	 10 	 0 	

 40 	 1 	 0 	 0 	 0 	 0 	 0 	 1 	 0 	 0 	 1 	
 40 	 0 	 12 	 0 	 0 	 0 	 12 	 0 	 1 	 0 	 0 	
 40 	 1 	 3 	 0 	 0 	 1 	 3 	 1 	 0 	 1 	 1 	
 40 	 0 	 1 	 24 	 24 	 0 	 1 	 0 	 0 	 0 	 0 	
 40 	 1 	 0 	 0 	 0 	 0 	 0 	 1 	 0 	 0 	 1 	
 40 	 0 	 0 	 1 	 1 	 1 	 0 	 0 	 1 	 1 	 0 	
 40 	 1 	 0 	 3 	 3 	 0 	 0 	 1 	 0 	 0 	 1 	
 40 	 1 	 2 	 0 	 0 	 1 	 2 	 1 	 1 	 1 	 1 	
 40 	 0 	 0 	 1 	 1 	 1 	 0 	 0 	 0 	 1 	 0 	
 40 	 22 	 1 	 0 	 0 	 0 	 1 	 22 	 0 	 0 	 22 	
 40 	 1 	 0 	 0 	 0 	 1 	 0 	 1 	 0 	 1 	 1 	
 40 	 0 	 1 	 0 	 0 	 0 	 1 	 0 	 1 	 0 	 0 	

 41 	 0 	 0 	 1 	 0 	 1 	 0 	 1 	 8 	 9 	 1 	
 41 	 0 	 12 	 1 	 0 	 0 	 0 	 1 	 0 	 0 	 1 	
 41 	 1 	 3 	 0 	 1 	 1 	 0 	 0 	 1 	 0 	 0 	
 41 	 0 	 1 	 0 	 0 	 0 	 24 	 0 	 1 	 0 	 0 	
 41 	 0 	 0 	 1 	 0 	 1 	 0 	 1 	 0 	 11 	 1 	
 41 	 0 	 0 	 32 	 0 	 0 	 1 	 32 	 0 	 0 	 32 	
 41 	 0 	 0 	 0 	 0 	 1 	 3 	 0 	 1 	 4 	 0 	
 41 	 0 	 2 	 1 	 0 	 1 	 0 	 1 	 0 	 0 	 1 	
 41 	 45 	 0 	 4 	 45 	 0 	 1 	 4 	 0 	 0 	 4 	
 41 	 0 	 1 	 0 	 0 	 22 	 0 	 0 	 9 	 1 	 0 	
 41 	 1 	 0 	 1 	 1 	 1 	 0 	 1 	 0 	 6 	 1 	
 41 	 0 	 1 	 11 	 0 	 0 	 0 	 11 	 0 	 6 	 11 	

 42 	 0 	 8 	 1 	 0 	 0 	 0 	 8 	 1 	 1 	 0 	
 42 	 0 	 0 	 2 	 0 	 0 	 0 	 0 	 2 	 0 	 1 	
 42 	 1 	 1 	 0 	 1 	 1 	 0 	 1 	 0 	 1 	 0 	
 42 	 0 	 1 	 0 	 0 	 0 	 24 	 1 	 0 	 0 	 0 	
 42 	 0 	 0 	 0 	 0 	 0 	 0 	 0 	 0 	 1 	 0 	
 42 	 0 	 0 	 1 	 0 	 1 	 1 	 0 	 1 	 0 	 1 	
 42 	 0 	 1 	 0 	 0 	 0 	 3 	 1 	 0 	 1 	 0 	
 42 	 0 	 0 	 1 	 0 	 1 	 0 	 0 	 1 	 1 	 1 	
 42 	 45 	 0 	 7 	 45 	 1 	 1 	 0 	 7 	 0 	 0 	
 42 	 0 	 9 	 0 	 0 	 0 	 0 	 9 	 0 	 22 	 0 	
 42 	 1 	 0 	 0 	 1 	 1 	 0 	 0 	 0 	 1 	 0 	
 42 	 0 	 0 	 10 	 0 	 0 	 0 	 0 	 10 	 0 	 1 	

 43 	 0 	 9 	 9 	 0 	 0 	 1 	 0 	 0 	 1 	 0 	
 43 	 12 	 0 	 0 	 0 	 0 	 0 	 0 	 0 	 0 	 0 	
 43 	 3 	 0 	 0 	 1 	 0 	 1 	 0 	 1 	 1 	 0 	
 43 	 1 	 0 	 0 	 0 	 24 	 0 	 24 	 0 	 0 	 24 	
 43 	 0 	 11 	 11 	 0 	 0 	 1 	 0 	 0 	 1 	 0 	
 43 	 0 	 0 	 0 	 1 	 1 	 0 	 1 	 0 	 0 	 1 	
 43 	 0 	 4 	 4 	 0 	 3 	 1 	 3 	 0 	 1 	 3 	
 43 	 2 	 0 	 0 	 1 	 0 	 1 	 0 	 0 	 1 	 0 	
 43 	 0 	 0 	 0 	 1 	 1 	 0 	 1 	 45 	 0 	 1 	
 43 	 1 	 1 	 1 	 0 	 0 	 22 	 0 	 0 	 22 	 0 	
 43 	 0 	 6 	 6 	 1 	 0 	 1 	 0 	 1 	 1 	 0 	
 43 	 1 	 6 	 6 	 0 	 0 	 0 	 0 	 0 	 0 	 0 	

 44 	 9 	 0 	 1 	 8 	 0 	 0 	 1 	 8 	 0 	 8 	
 44 	 0 	 0 	 0 	 0 	 12 	 12 	 0 	 0 	 12 	 0 	
 44 	 0 	 1 	 1 	 1 	 3 	 3 	 1 	 1 	 3 	 1 	
 44 	 0 	 0 	 0 	 1 	 1 	 1 	 0 	 1 	 1 	 1 	
 44 	 11 	 0 	 1 	 0 	 0 	 0 	 1 	 0 	 0 	 0 	
 44 	 0 	 0 	 0 	 0 	 0 	 0 	 0 	 0 	 0 	 0 	
 44 	 4 	 0 	 1 	 1 	 0 	 0 	 1 	 1 	 0 	 1 	
 44 	 0 	 0 	 1 	 0 	 2 	 2 	 1 	 0 	 2 	 0 	
 44 	 0 	 45 	 0 	 0 	 0 	 0 	 0 	 0 	 0 	 0 	
 44 	 1 	 0 	 22 	 9 	 1 	 1 	 22 	 9 	 1 	 9 	
 44 	 6 	 1 	 1 	 0 	 0 	 0 	 1 	 0 	 0 	 0 	
 44 	 6 	 0 	 0 	 0 	 1 	 1 	 0 	 0 	 1 	 0 	

 45 	 1 	 0 	 1 	 0 	 1 	 8 	 8 	 0 	 0 	 0 	
 45 	 2 	 0 	 0 	 1 	 1 	 0 	 0 	 0 	 0 	 1 	
 45 	 0 	 1 	 1 	 0 	 0 	 1 	 1 	 0 	 1 	 0 	
 45 	 0 	 0 	 0 	 0 	 0 	 1 	 1 	 24 	 0 	 0 	
 45 	 0 	 0 	 1 	 0 	 1 	 0 	 0 	 0 	 0 	 0 	
 45 	 1 	 1 	 0 	 1 	 32 	 0 	 0 	 1 	 1 	 1 	
 45 	 0 	 0 	 1 	 0 	 0 	 1 	 1 	 3 	 0 	 0 	
 45 	 1 	 1 	 1 	 1 	 1 	 0 	 0 	 0 	 1 	 1 	
 45 	 7 	 1 	 0 	 0 	 4 	 0 	 0 	 1 	 1 	 0 	
 45 	 0 	 0 	 22 	 0 	 0 	 9 	 9 	 0 	 0 	 0 	
 45 	 0 	 1 	 1 	 0 	 1 	 0 	 0 	 0 	 1 	 0 	
 45 	 10 	 0 	 0 	 1 	 11 	 0 	 0 	 0 	 0 	 1 	

 46 	 1 	 0 	 1 	 1 	 0 	 8 	 1 	 0 	 8 	 0 	
 46 	 2 	 0 	 2 	 1 	 0 	 0 	 2 	 1 	 0 	 0 	
 46 	 0 	 1 	 0 	 0 	 1 	 1 	 0 	 0 	 1 	 1 	
 46 	 0 	 0 	 0 	 0 	 0 	 1 	 0 	 0 	 1 	 0 	
 46 	 0 	 0 	 0 	 1 	 0 	 0 	 0 	 0 	 0 	 0 	
 46 	 1 	 1 	 1 	 32 	 1 	 0 	 1 	 1 	 0 	 0 	
 46 	 0 	 0 	 0 	 0 	 0 	 1 	 0 	 0 	 1 	 0 	
 46 	 1 	 1 	 1 	 1 	 1 	 0 	 1 	 1 	 0 	 0 	
 46 	 7 	 1 	 7 	 4 	 1 	 0 	 7 	 0 	 0 	 45 	
 46 	 0 	 0 	 0 	 0 	 0 	 9 	 0 	 0 	 9 	 0 	
 46 	 0 	 1 	 0 	 1 	 1 	 0 	 0 	 0 	 0 	 1 	
 46 	 10 	 0 	 10 	 11 	 0 	 0 	 10 	 1 	 0 	 0 	

 47 	 0 	 0 	 1 	 8 	 0 	 0 	 1 	 8 	 9 	 0 	
 47 	 0 	 0 	 1 	 0 	 0 	 0 	 0 	 0 	 0 	 0 	
 47 	 1 	 0 	 0 	 1 	 1 	 0 	 1 	 1 	 0 	 1 	
 47 	 0 	 24 	 0 	 1 	 0 	 24 	 0 	 1 	 0 	 0 	
 47 	 0 	 0 	 1 	 0 	 0 	 0 	 1 	 0 	 11 	 0 	
 47 	 0 	 1 	 32 	 0 	 0 	 1 	 0 	 0 	 0 	 1 	
 47 	 0 	 3 	 0 	 1 	 0 	 3 	 1 	 1 	 4 	 0 	
 47 	 0 	 0 	 1 	 0 	 0 	 0 	 1 	 0 	 0 	 1 	
 47 	 45 	 1 	 4 	 0 	 45 	 1 	 0 	 0 	 0 	 1 	
 47 	 0 	 0 	 0 	 9 	 0 	 0 	 22 	 9 	 1 	 0 	
 47 	 1 	 0 	 1 	 0 	 1 	 0 	 1 	 0 	 6 	 1 	
 47 	 0 	 0 	 11 	 0 	 0 	 0 	 0 	 0 	 6 	 0 	

 48 	 9 	 0 	 9 	 1 	 1 	 1 	 0 	 0 	 1 	 1 	
 48 	 0 	 0 	 0 	 0 	 0 	 1 	 0 	 12 	 0 	 0 	
 48 	 0 	 0 	 0 	 1 	 1 	 0 	 0 	 3 	 1 	 1 	
 48 	 0 	 24 	 0 	 0 	 0 	 0 	 24 	 1 	 0 	 0 	
 48 	 11 	 0 	 11 	 1 	 1 	 1 	 0 	 0 	 1 	 1 	
 48 	 0 	 1 	 0 	 0 	 0 	 32 	 1 	 0 	 0 	 0 	
 48 	 4 	 3 	 4 	 1 	 1 	 0 	 3 	 0 	 1 	 1 	
 48 	 0 	 0 	 0 	 1 	 1 	 1 	 0 	 2 	 1 	 1 	
 48 	 0 	 1 	 0 	 0 	 0 	 4 	 1 	 0 	 0 	 0 	
 48 	 1 	 0 	 1 	 22 	 22 	 0 	 0 	 1 	 22 	 22 	
 48 	 6 	 0 	 6 	 1 	 1 	 1 	 0 	 0 	 1 	 1 	
 48 	 6 	 0 	 6 	 0 	 0 	 11 	 0 	 1 	 0 	 0 	

 49 	 1 	 0 	 1 	 0 	 0 	 0 	 0 	 1 	 1 	 0 	
 49 	 0 	 0 	 1 	 0 	 0 	 12 	 0 	 0 	 2 	 12 	
 49 	 1 	 1 	 0 	 0 	 1 	 3 	 0 	 1 	 0 	 3 	
 49 	 0 	 0 	 0 	 24 	 0 	 1 	 24 	 0 	 0 	 1 	
 49 	 1 	 0 	 1 	 0 	 0 	 0 	 0 	 1 	 0 	 0 	
 49 	 0 	 1 	 32 	 1 	 0 	 0 	 1 	 0 	 1 	 0 	
 49 	 1 	 0 	 0 	 3 	 0 	 0 	 3 	 1 	 0 	 0 	
 49 	 1 	 1 	 1 	 0 	 0 	 2 	 0 	 1 	 1 	 2 	
 49 	 0 	 1 	 4 	 1 	 45 	 0 	 1 	 0 	 7 	 0 	
 49 	 22 	 0 	 0 	 0 	 0 	 1 	 0 	 22 	 0 	 1 	
 49 	 1 	 1 	 1 	 0 	 1 	 0 	 0 	 1 	 0 	 0 	
 49 	 0 	 0 	 11 	 0 	 0 	 1 	 0 	 0 	 10 	 1 	

 50 	 0 	 0 	 0 	 8 	 8 	 9 	 1 	 9 	 1 	 1 	
 50 	 12 	 0 	 0 	 0 	 0 	 0 	 0 	 0 	 0 	 2 	
 50 	 3 	 1 	 1 	 1 	 1 	 0 	 1 	 0 	 1 	 0 	
 50 	 1 	 0 	 0 	 1 	 1 	 0 	 0 	 0 	 0 	 0 	
 50 	 0 	 0 	 0 	 0 	 0 	 11 	 1 	 11 	 1 	 0 	
 50 	 0 	 1 	 1 	 0 	 0 	 0 	 0 	 0 	 0 	 1 	
 50 	 0 	 0 	 0 	 1 	 1 	 4 	 1 	 4 	 1 	 0 	
 50 	 2 	 1 	 1 	 0 	 0 	 0 	 1 	 0 	 1 	 1 	
 50 	 0 	 1 	 1 	 0 	 0 	 0 	 0 	 0 	 0 	 7 	
 50 	 1 	 0 	 0 	 9 	 9 	 1 	 22 	 1 	 22 	 0 	
 50 	 0 	 1 	 1 	 0 	 0 	 6 	 1 	 6 	 1 	 0 	
 50 	 1 	 0 	 0 	 0 	 0 	 6 	 0 	 6 	 0 	 10 	

 51 	 0 	 0 	 0 	 0 	 0 	 1 	 1 	 0 	 0 	 0 	
 51 	 1 	 1 	 1 	 0 	 1 	 1 	 1 	 0 	 0 	 0 	
 51 	 0 	 0 	 0 	 1 	 0 	 0 	 0 	 0 	 1 	 0 	
 51 	 0 	 0 	 0 	 0 	 0 	 0 	 0 	 24 	 0 	 24 	
 51 	 0 	 0 	 0 	 0 	 0 	 1 	 1 	 0 	 0 	 0 	
 51 	 1 	 1 	 1 	 0 	 1 	 32 	 32 	 1 	 0 	 1 	
 51 	 0 	 0 	 0 	 0 	 0 	 0 	 0 	 3 	 0 	 3 	
 51 	 1 	 1 	 1 	 0 	 1 	 1 	 1 	 0 	 0 	 0 	
 51 	 0 	 0 	 0 	 45 	 0 	 4 	 4 	 1 	 45 	 1 	
 51 	 0 	 0 	 0 	 0 	 0 	 0 	 0 	 0 	 0 	 0 	
 51 	 0 	 0 	 0 	 1 	 0 	 1 	 1 	 0 	 1 	 0 	
 51 	 1 	 1 	 1 	 0 	 1 	 11 	 11 	 0 	 0 	 0 	

 52 	 0 	 0 	 9 	 0 	 0 	 0 	 8 	 0 	 0 	 8 	
 52 	 0 	 12 	 0 	 1 	 0 	 0 	 0 	 1 	 12 	 0 	
 52 	 0 	 3 	 0 	 0 	 1 	 1 	 1 	 0 	 3 	 1 	
 52 	 24 	 1 	 0 	 0 	 0 	 0 	 1 	 0 	 1 	 1 	
 52 	 0 	 0 	 11 	 0 	 0 	 0 	 0 	 0 	 0 	 0 	
 52 	 1 	 0 	 0 	 1 	 0 	 0 	 0 	 1 	 0 	 0 	
 52 	 3 	 0 	 4 	 0 	 0 	 0 	 1 	 0 	 0 	 1 	
 52 	 0 	 2 	 0 	 1 	 0 	 0 	 0 	 1 	 2 	 0 	
 52 	 1 	 0 	 0 	 0 	 45 	 45 	 0 	 0 	 0 	 0 	
 52 	 0 	 1 	 1 	 0 	 0 	 0 	 9 	 0 	 1 	 9 	
 52 	 0 	 0 	 6 	 0 	 1 	 1 	 0 	 0 	 0 	 0 	
 52 	 0 	 1 	 6 	 1 	 0 	 0 	 0 	 1 	 1 	 0 	

 53 	 0 	 0 	 0 	 1 	 1 	 1 	 0 	 1 	 0 	 0 	
 53 	 0 	 0 	 1 	 1 	 0 	 0 	 1 	 0 	 1 	 1 	
 53 	 1 	 1 	 0 	 0 	 1 	 1 	 0 	 1 	 0 	 0 	
 53 	 0 	 0 	 0 	 0 	 0 	 0 	 0 	 0 	 0 	 0 	
 53 	 0 	 0 	 0 	 1 	 1 	 1 	 0 	 1 	 0 	 0 	
 53 	 0 	 1 	 1 	 32 	 0 	 0 	 1 	 0 	 1 	 1 	
 53 	 0 	 0 	 0 	 0 	 1 	 1 	 0 	 1 	 0 	 0 	
 53 	 0 	 1 	 1 	 1 	 1 	 1 	 1 	 1 	 1 	 1 	
 53 	 45 	 1 	 0 	 4 	 0 	 0 	 0 	 0 	 0 	 0 	
 53 	 0 	 0 	 0 	 0 	 22 	 22 	 0 	 22 	 0 	 0 	
 53 	 1 	 1 	 0 	 1 	 1 	 1 	 0 	 1 	 0 	 0 	
 53 	 0 	 0 	 1 	 11 	 0 	 0 	 1 	 0 	 1 	 1 	

 54 	 9 	 1 	 0 	 1 	 8 	 1 	 0 	 0 	 8 	 0 	
 54 	 0 	 2 	 0 	 2 	 0 	 1 	 12 	 0 	 0 	 0 	
 54 	 0 	 0 	 1 	 0 	 1 	 0 	 3 	 0 	 1 	 1 	
 54 	 0 	 0 	 0 	 0 	 1 	 0 	 1 	 24 	 1 	 0 	
 54 	 11 	 0 	 0 	 0 	 0 	 1 	 0 	 0 	 0 	 0 	
 54 	 0 	 1 	 1 	 1 	 0 	 32 	 0 	 1 	 0 	 0 	
 54 	 4 	 0 	 0 	 0 	 1 	 0 	 0 	 3 	 1 	 0 	
 54 	 0 	 1 	 1 	 1 	 0 	 1 	 2 	 0 	 0 	 0 	
 54 	 0 	 7 	 1 	 7 	 0 	 4 	 0 	 1 	 0 	 45 	
 54 	 1 	 0 	 0 	 0 	 9 	 0 	 1 	 0 	 9 	 0 	
 54 	 6 	 0 	 1 	 0 	 0 	 1 	 0 	 0 	 0 	 1 	
 54 	 6 	 10 	 0 	 10 	 0 	 11 	 1 	 0 	 0 	 0 	

 55 	 1 	 1 	 0 	 0 	 9 	 0 	 0 	 1 	 0 	 0 	
 55 	 2 	 0 	 12 	 0 	 0 	 0 	 12 	 1 	 0 	 0 	
 55 	 0 	 1 	 3 	 1 	 0 	 1 	 3 	 0 	 0 	 1 	
 55 	 0 	 0 	 1 	 0 	 0 	 0 	 1 	 0 	 24 	 0 	
 55 	 0 	 1 	 0 	 0 	 11 	 0 	 0 	 1 	 0 	 0 	
 55 	 1 	 0 	 0 	 0 	 0 	 1 	 0 	 32 	 1 	 1 	
 55 	 0 	 1 	 0 	 0 	 4 	 0 	 0 	 0 	 3 	 0 	
 55 	 1 	 1 	 2 	 0 	 0 	 1 	 2 	 1 	 0 	 1 	
 55 	 7 	 0 	 0 	 45 	 0 	 1 	 0 	 4 	 1 	 1 	
 55 	 0 	 22 	 1 	 0 	 1 	 0 	 1 	 0 	 0 	 0 	
 55 	 0 	 1 	 0 	 1 	 6 	 1 	 0 	 1 	 0 	 1 	
 55 	 10 	 0 	 1 	 0 	 6 	 0 	 1 	 11 	 0 	 0 	

 56 	 1 	 0 	 0 	 0 	 9 	 0 	 0 	 8 	 1 	 1 	
 56 	 0 	 0 	 1 	 12 	 0 	 0 	 0 	 0 	 0 	 0 	
 56 	 1 	 1 	 0 	 3 	 0 	 1 	 1 	 1 	 1 	 1 	
 56 	 0 	 0 	 0 	 1 	 0 	 0 	 0 	 1 	 0 	 0 	
 56 	 1 	 0 	 0 	 0 	 11 	 0 	 0 	 0 	 1 	 1 	
 56 	 0 	 0 	 1 	 0 	 0 	 0 	 1 	 0 	 0 	 0 	
 56 	 1 	 0 	 0 	 0 	 4 	 0 	 0 	 1 	 1 	 1 	
 56 	 1 	 0 	 1 	 2 	 0 	 0 	 1 	 0 	 1 	 1 	
 56 	 0 	 45 	 0 	 0 	 0 	 45 	 1 	 0 	 0 	 0 	
 56 	 22 	 0 	 0 	 1 	 1 	 0 	 0 	 9 	 22 	 22 	
 56 	 1 	 1 	 0 	 0 	 6 	 1 	 1 	 0 	 1 	 1 	
 56 	 0 	 0 	 1 	 1 	 6 	 0 	 0 	 0 	 0 	 0 	

 57 	 8 	 8 	 0 	 1 	 9 	 0 	 1 	 9 	 9 	 0 	
 57 	 0 	 0 	 12 	 2 	 0 	 1 	 1 	 0 	 0 	 12 	
 57 	 1 	 1 	 3 	 0 	 0 	 0 	 0 	 0 	 0 	 3 	
 57 	 1 	 1 	 1 	 0 	 0 	 0 	 0 	 0 	 0 	 1 	
 57 	 0 	 0 	 0 	 0 	 11 	 0 	 1 	 11 	 11 	 0 	
 57 	 0 	 0 	 0 	 1 	 0 	 1 	 32 	 0 	 0 	 0 	
 57 	 1 	 1 	 0 	 0 	 4 	 0 	 0 	 4 	 4 	 0 	
 57 	 0 	 0 	 2 	 1 	 0 	 1 	 1 	 0 	 0 	 2 	
 57 	 0 	 0 	 0 	 7 	 0 	 0 	 4 	 0 	 0 	 0 	
 57 	 9 	 9 	 1 	 0 	 1 	 0 	 0 	 1 	 1 	 1 	
 57 	 0 	 0 	 0 	 0 	 6 	 0 	 1 	 6 	 6 	 0 	
 57 	 0 	 0 	 1 	 10 	 6 	 1 	 11 	 6 	 6 	 1 	

 58 	 1 	 0 	 0 	 0 	 8 	 0 	 8 	 0 	 1 	 1 	
 58 	 1 	 1 	 0 	 1 	 0 	 1 	 0 	 0 	 0 	 2 	
 58 	 0 	 0 	 1 	 0 	 1 	 0 	 1 	 1 	 1 	 0 	
 58 	 0 	 0 	 0 	 0 	 1 	 0 	 1 	 0 	 0 	 0 	
 58 	 1 	 0 	 0 	 0 	 0 	 0 	 0 	 0 	 1 	 0 	
 58 	 32 	 1 	 1 	 1 	 0 	 1 	 0 	 0 	 0 	 1 	
 58 	 0 	 0 	 0 	 0 	 1 	 0 	 1 	 0 	 1 	 0 	
 58 	 1 	 1 	 1 	 1 	 0 	 1 	 0 	 0 	 1 	 1 	
 58 	 4 	 0 	 1 	 0 	 0 	 0 	 0 	 45 	 0 	 7 	
 58 	 0 	 0 	 0 	 0 	 9 	 0 	 9 	 0 	 22 	 0 	
 58 	 1 	 0 	 1 	 0 	 0 	 0 	 0 	 1 	 1 	 0 	
 58 	 11 	 1 	 0 	 1 	 0 	 1 	 0 	 0 	 0 	 10 	

 59 	 0 	 1 	 0 	 0 	 1 	 9 	 1 	 9 	 1 	 0 	
 59 	 12 	 2 	 0 	 1 	 1 	 0 	 2 	 0 	 1 	 0 	
 59 	 3 	 0 	 1 	 0 	 0 	 0 	 0 	 0 	 0 	 0 	
 59 	 1 	 0 	 0 	 0 	 0 	 0 	 0 	 0 	 0 	 24 	
 59 	 0 	 0 	 0 	 0 	 1 	 11 	 0 	 11 	 1 	 0 	
 59 	 0 	 1 	 1 	 1 	 32 	 0 	 1 	 0 	 32 	 1 	
 59 	 0 	 0 	 0 	 0 	 0 	 4 	 0 	 4 	 0 	 3 	
 59 	 2 	 1 	 1 	 1 	 1 	 0 	 1 	 0 	 1 	 0 	
 59 	 0 	 7 	 1 	 0 	 4 	 0 	 7 	 0 	 4 	 1 	
 59 	 1 	 0 	 0 	 0 	 0 	 1 	 0 	 1 	 0 	 0 	
 59 	 0 	 0 	 1 	 0 	 1 	 6 	 0 	 6 	 1 	 0 	
 59 	 1 	 10 	 0 	 1 	 11 	 6 	 10 	 6 	 11 	 0 	

 60 	 9 	 1 	 1 	 0 	 0 	 0 	 0 	 0 	 1 	 8 	
 60 	 0 	 0 	 2 	 1 	 0 	 12 	 0 	 12 	 2 	 0 	
 60 	 0 	 1 	 0 	 0 	 1 	 3 	 1 	 3 	 0 	 1 	
 60 	 0 	 0 	 0 	 0 	 0 	 1 	 0 	 1 	 0 	 1 	
 60 	 11 	 1 	 0 	 0 	 0 	 0 	 0 	 0 	 0 	 0 	
 60 	 0 	 0 	 1 	 1 	 1 	 0 	 1 	 0 	 1 	 0 	
 60 	 4 	 1 	 0 	 0 	 0 	 0 	 0 	 0 	 0 	 1 	
 60 	 0 	 1 	 1 	 1 	 1 	 2 	 1 	 2 	 1 	 0 	
 60 	 0 	 0 	 7 	 0 	 1 	 0 	 1 	 0 	 7 	 0 	
 60 	 1 	 22 	 0 	 0 	 0 	 1 	 0 	 1 	 0 	 9 	
 60 	 6 	 1 	 0 	 0 	 1 	 0 	 1 	 0 	 0 	 0 	
 60 	 6 	 0 	 10 	 1 	 0 	 1 	 0 	 1 	 10 	 0 	

 61 	 1 	 8 	 1 	 0 	 1 	 8 	 1 	 0 	 1 	 0 	
 61 	 2 	 0 	 2 	 0 	 2 	 0 	 0 	 1 	 0 	 1 	
 61 	 0 	 1 	 0 	 0 	 0 	 1 	 1 	 0 	 1 	 0 	
 61 	 0 	 1 	 0 	 24 	 0 	 1 	 0 	 0 	 0 	 0 	
 61 	 0 	 0 	 0 	 0 	 0 	 0 	 1 	 0 	 1 	 0 	
 61 	 1 	 0 	 1 	 1 	 1 	 0 	 0 	 1 	 0 	 1 	
 61 	 0 	 1 	 0 	 3 	 0 	 1 	 1 	 0 	 1 	 0 	
 61 	 1 	 0 	 1 	 0 	 1 	 0 	 1 	 1 	 1 	 1 	
 61 	 7 	 0 	 7 	 1 	 7 	 0 	 0 	 0 	 0 	 0 	
 61 	 0 	 9 	 0 	 0 	 0 	 9 	 22 	 0 	 22 	 0 	
 61 	 0 	 0 	 0 	 0 	 0 	 0 	 1 	 0 	 1 	 0 	
 61 	 10 	 0 	 10 	 0 	 10 	 0 	 0 	 1 	 0 	 1 	

 62 	 1 	 0 	 8 	 9 	 1 	 0 	 0 	 0 	 8 	 0 	
 62 	 0 	 1 	 0 	 0 	 1 	 0 	 1 	 12 	 0 	 0 	
 62 	 1 	 0 	 1 	 0 	 0 	 1 	 0 	 3 	 1 	 1 	
 62 	 0 	 0 	 1 	 0 	 0 	 0 	 0 	 1 	 1 	 0 	
 62 	 1 	 0 	 0 	 11 	 1 	 0 	 0 	 0 	 0 	 0 	
 62 	 0 	 1 	 0 	 0 	 32 	 0 	 1 	 0 	 0 	 0 	
 62 	 1 	 0 	 1 	 4 	 0 	 0 	 0 	 0 	 1 	 0 	
 62 	 1 	 1 	 0 	 0 	 1 	 0 	 1 	 2 	 0 	 0 	
 62 	 0 	 0 	 0 	 0 	 4 	 45 	 0 	 0 	 0 	 45 	
 62 	 22 	 0 	 9 	 1 	 0 	 0 	 0 	 1 	 9 	 0 	
 62 	 1 	 0 	 0 	 6 	 1 	 1 	 0 	 0 	 0 	 1 	
 62 	 0 	 1 	 0 	 6 	 11 	 0 	 1 	 1 	 0 	 0 	

 63 	 0 	 9 	 0 	 0 	 8 	 1 	 0 	 0 	 0 	 0 	
 63 	 0 	 0 	 0 	 1 	 0 	 0 	 0 	 0 	 12 	 0 	
 63 	 1 	 0 	 0 	 0 	 1 	 1 	 1 	 1 	 3 	 1 	
 63 	 0 	 0 	 24 	 0 	 1 	 0 	 0 	 0 	 1 	 0 	
 63 	 0 	 11 	 0 	 0 	 0 	 1 	 0 	 0 	 0 	 0 	
 63 	 0 	 0 	 1 	 1 	 0 	 0 	 1 	 0 	 0 	 1 	
 63 	 0 	 4 	 3 	 0 	 1 	 1 	 0 	 0 	 0 	 0 	
 63 	 0 	 0 	 0 	 1 	 0 	 1 	 1 	 0 	 2 	 1 	
 63 	 45 	 0 	 1 	 0 	 0 	 0 	 1 	 45 	 0 	 1 	
 63 	 0 	 1 	 0 	 0 	 9 	 22 	 0 	 0 	 1 	 0 	
 63 	 1 	 6 	 0 	 0 	 0 	 1 	 1 	 1 	 0 	 1 	
 63 	 0 	 6 	 0 	 1 	 0 	 0 	 0 	 0 	 1 	 0 	

 64 	 0 	 0 	 1 	 0 	 0 	 0 	 0 	 1 	 1 	 1 	
 64 	 0 	 12 	 2 	 0 	 1 	 0 	 0 	 2 	 0 	 0 	
 64 	 0 	 3 	 0 	 1 	 0 	 0 	 0 	 0 	 1 	 1 	
 64 	 24 	 1 	 0 	 0 	 0 	 24 	 24 	 0 	 0 	 0 	
 64 	 0 	 0 	 0 	 0 	 0 	 0 	 0 	 0 	 1 	 1 	
 64 	 1 	 0 	 1 	 1 	 1 	 1 	 1 	 1 	 0 	 0 	
 64 	 3 	 0 	 0 	 0 	 0 	 3 	 3 	 0 	 1 	 1 	
 64 	 0 	 2 	 1 	 1 	 1 	 0 	 0 	 1 	 1 	 1 	
 64 	 1 	 0 	 7 	 1 	 0 	 1 	 1 	 7 	 0 	 0 	
 64 	 0 	 1 	 0 	 0 	 0 	 0 	 0 	 0 	 22 	 22 	
 64 	 0 	 0 	 0 	 1 	 0 	 0 	 0 	 0 	 1 	 1 	
 64 	 0 	 1 	 10 	 0 	 1 	 0 	 0 	 10 	 0 	 0 	

 65 	 1 	 1 	 0 	 1 	 8 	 0 	 1 	 0 	 0 	 1 	
 65 	 0 	 1 	 0 	 1 	 0 	 12 	 2 	 1 	 0 	 1 	
 65 	 1 	 0 	 0 	 0 	 1 	 3 	 0 	 0 	 0 	 0 	
 65 	 0 	 0 	 24 	 0 	 1 	 1 	 0 	 0 	 24 	 0 	
 65 	 1 	 1 	 0 	 1 	 0 	 0 	 0 	 0 	 0 	 1 	
 65 	 0 	 32 	 1 	 32 	 0 	 0 	 1 	 1 	 1 	 32 	
 65 	 1 	 0 	 3 	 0 	 1 	 0 	 0 	 0 	 3 	 0 	
 65 	 1 	 1 	 0 	 1 	 0 	 2 	 1 	 1 	 0 	 1 	
 65 	 0 	 4 	 1 	 4 	 0 	 0 	 7 	 0 	 1 	 4 	
 65 	 22 	 0 	 0 	 0 	 9 	 1 	 0 	 0 	 0 	 0 	
 65 	 1 	 1 	 0 	 1 	 0 	 0 	 0 	 0 	 0 	 1 	
 65 	 0 	 11 	 0 	 11 	 0 	 1 	 10 	 1 	 0 	 11 	

 66 	 0 	 8 	 0 	 0 	 0 	 9 	 0 	 1 	 1 	 0 	
 66 	 12 	 0 	 12 	 1 	 1 	 0 	 0 	 2 	 1 	 1 	
 66 	 3 	 1 	 3 	 0 	 0 	 0 	 1 	 0 	 0 	 0 	
 66 	 1 	 1 	 1 	 0 	 0 	 0 	 0 	 0 	 0 	 0 	
 66 	 0 	 0 	 0 	 0 	 0 	 11 	 0 	 0 	 1 	 0 	
 66 	 0 	 0 	 0 	 1 	 1 	 0 	 1 	 1 	 32 	 1 	
 66 	 0 	 1 	 0 	 0 	 0 	 4 	 0 	 0 	 0 	 0 	
 66 	 2 	 0 	 2 	 1 	 1 	 0 	 1 	 1 	 1 	 1 	
 66 	 0 	 0 	 0 	 0 	 0 	 0 	 1 	 7 	 4 	 0 	
 66 	 1 	 9 	 1 	 0 	 0 	 1 	 0 	 0 	 0 	 0 	
 66 	 0 	 0 	 0 	 0 	 0 	 6 	 1 	 0 	 1 	 0 	
 66 	 1 	 0 	 1 	 1 	 1 	 6 	 0 	 10 	 11 	 1 	

 67 	 0 	 0 	 0 	 0 	 0 	 0 	 1 	 8 	 0 	 0 	
 67 	 0 	 0 	 0 	 1 	 0 	 0 	 1 	 0 	 0 	 0 	
 67 	 0 	 0 	 1 	 0 	 1 	 1 	 0 	 1 	 1 	 0 	
 67 	 24 	 24 	 0 	 0 	 0 	 0 	 0 	 1 	 0 	 24 	
 67 	 0 	 0 	 0 	 0 	 0 	 0 	 1 	 0 	 0 	 0 	
 67 	 1 	 1 	 1 	 1 	 1 	 0 	 32 	 0 	 0 	 1 	
 67 	 3 	 3 	 0 	 0 	 0 	 0 	 0 	 1 	 0 	 3 	
 67 	 0 	 0 	 1 	 1 	 1 	 0 	 1 	 0 	 0 	 0 	
 67 	 1 	 1 	 1 	 0 	 1 	 45 	 4 	 0 	 45 	 1 	
 67 	 0 	 0 	 0 	 0 	 0 	 0 	 0 	 9 	 0 	 0 	
 67 	 0 	 0 	 1 	 0 	 1 	 1 	 1 	 0 	 1 	 0 	
 67 	 0 	 0 	 0 	 1 	 0 	 0 	 11 	 0 	 0 	 0 	

 68 	 0 	 0 	 0 	 0 	 8 	 0 	 0 	 8 	 1 	 8 	
 68 	 0 	 0 	 0 	 0 	 0 	 0 	 0 	 0 	 2 	 0 	
 68 	 0 	 1 	 1 	 0 	 1 	 1 	 0 	 1 	 0 	 1 	
 68 	 24 	 0 	 0 	 24 	 1 	 0 	 24 	 1 	 0 	 1 	
 68 	 0 	 0 	 0 	 0 	 0 	 0 	 0 	 0 	 0 	 0 	
 68 	 1 	 0 	 1 	 1 	 0 	 0 	 1 	 0 	 1 	 0 	
 68 	 3 	 0 	 0 	 3 	 1 	 0 	 3 	 1 	 0 	 1 	
 68 	 0 	 0 	 1 	 0 	 0 	 0 	 0 	 0 	 1 	 0 	
 68 	 1 	 45 	 1 	 1 	 0 	 45 	 1 	 0 	 7 	 0 	
 68 	 0 	 0 	 0 	 0 	 9 	 0 	 0 	 9 	 0 	 9 	
 68 	 0 	 1 	 1 	 0 	 0 	 1 	 0 	 0 	 0 	 0 	
 68 	 0 	 0 	 0 	 0 	 0 	 0 	 0 	 0 	 10 	 0 	

 69 	 0 	 1 	 8 	 1 	 0 	 1 	 0 	 1 	 0 	 9 	
 69 	 0 	 1 	 0 	 2 	 12 	 0 	 12 	 2 	 0 	 0 	
 69 	 1 	 0 	 1 	 0 	 3 	 1 	 3 	 0 	 1 	 0 	
 69 	 0 	 0 	 1 	 0 	 1 	 0 	 1 	 0 	 0 	 0 	
 69 	 0 	 1 	 0 	 0 	 0 	 1 	 0 	 0 	 0 	 11 	
 69 	 0 	 32 	 0 	 1 	 0 	 0 	 0 	 1 	 0 	 0 	
 69 	 0 	 0 	 1 	 0 	 0 	 1 	 0 	 0 	 0 	 4 	
 69 	 0 	 1 	 0 	 1 	 2 	 1 	 2 	 1 	 0 	 0 	
 69 	 45 	 4 	 0 	 7 	 0 	 0 	 0 	 7 	 45 	 0 	
 69 	 0 	 0 	 9 	 0 	 1 	 22 	 1 	 0 	 0 	 1 	
 69 	 1 	 1 	 0 	 0 	 0 	 1 	 0 	 0 	 1 	 6 	
 69 	 0 	 11 	 0 	 10 	 1 	 0 	 1 	 10 	 0 	 6 	

 70 	 9 	 0 	 0 	 9 	 0 	 0 	 0 	 0 	 9 	 0 	
 70 	 0 	 0 	 12 	 0 	 1 	 12 	 1 	 1 	 0 	 12 	
 70 	 0 	 1 	 3 	 0 	 0 	 3 	 0 	 0 	 0 	 3 	
 70 	 0 	 0 	 1 	 0 	 0 	 1 	 0 	 0 	 0 	 1 	
 70 	 11 	 0 	 0 	 11 	 0 	 0 	 0 	 0 	 11 	 0 	
 70 	 0 	 1 	 0 	 0 	 1 	 0 	 1 	 1 	 0 	 0 	
 70 	 4 	 0 	 0 	 4 	 0 	 0 	 0 	 0 	 4 	 0 	
 70 	 0 	 1 	 2 	 0 	 1 	 2 	 1 	 1 	 0 	 2 	
 70 	 0 	 1 	 0 	 0 	 0 	 0 	 0 	 0 	 0 	 0 	
 70 	 1 	 0 	 1 	 1 	 0 	 1 	 0 	 0 	 1 	 1 	
 70 	 6 	 1 	 0 	 6 	 0 	 0 	 0 	 0 	 6 	 0 	
 70 	 6 	 0 	 1 	 6 	 1 	 1 	 1 	 1 	 6 	 1 	

 71 	 1 	 0 	 1 	 1 	 0 	 8 	 0 	 0 	 8 	 0 	
 71 	 2 	 1 	 0 	 1 	 0 	 0 	 1 	 0 	 0 	 0 	
 71 	 0 	 0 	 1 	 0 	 1 	 1 	 0 	 0 	 1 	 1 	
 71 	 0 	 0 	 0 	 0 	 0 	 1 	 0 	 24 	 1 	 0 	
 71 	 0 	 0 	 1 	 1 	 0 	 0 	 0 	 0 	 0 	 0 	
 71 	 1 	 1 	 0 	 32 	 0 	 0 	 1 	 1 	 0 	 1 	
 71 	 0 	 0 	 1 	 0 	 0 	 1 	 0 	 3 	 1 	 0 	
 71 	 1 	 1 	 1 	 1 	 0 	 0 	 1 	 0 	 0 	 1 	
 71 	 7 	 0 	 0 	 4 	 45 	 0 	 0 	 1 	 0 	 1 	
 71 	 0 	 0 	 22 	 0 	 0 	 9 	 0 	 0 	 9 	 0 	
 71 	 0 	 0 	 1 	 1 	 1 	 0 	 0 	 0 	 0 	 1 	
 71 	 10 	 1 	 0 	 11 	 0 	 0 	 1 	 0 	 0 	 0 	

 72 	 1 	 1 	 8 	 0 	 0 	 0 	 0 	 0 	 1 	 1 	
 72 	 0 	 0 	 0 	 0 	 0 	 0 	 0 	 0 	 1 	 0 	
 72 	 1 	 1 	 1 	 1 	 1 	 1 	 1 	 1 	 0 	 1 	
 72 	 0 	 0 	 1 	 0 	 0 	 0 	 0 	 0 	 0 	 0 	
 72 	 1 	 1 	 0 	 0 	 0 	 0 	 0 	 0 	 1 	 1 	
 72 	 0 	 0 	 0 	 1 	 0 	 0 	 0 	 0 	 32 	 0 	
 72 	 1 	 1 	 1 	 0 	 0 	 0 	 0 	 0 	 0 	 1 	
 72 	 1 	 1 	 0 	 1 	 0 	 0 	 0 	 0 	 1 	 1 	
 72 	 0 	 0 	 0 	 1 	 45 	 45 	 45 	 45 	 4 	 0 	
 72 	 22 	 22 	 9 	 0 	 0 	 0 	 0 	 0 	 0 	 22 	
 72 	 1 	 1 	 0 	 1 	 1 	 1 	 1 	 1 	 1 	 1 	
 72 	 0 	 0 	 0 	 0 	 0 	 0 	 0 	 0 	 11 	 0 	

 73 	 8 	 1 	 9 	 1 	 0 	 1 	 1 	 0 	 0 	 1 	
 73 	 0 	 1 	 0 	 0 	 0 	 2 	 0 	 0 	 12 	 1 	
 73 	 1 	 0 	 0 	 1 	 0 	 0 	 1 	 1 	 3 	 0 	
 73 	 1 	 0 	 0 	 0 	 24 	 0 	 0 	 0 	 1 	 0 	
 73 	 0 	 1 	 11 	 1 	 0 	 0 	 1 	 0 	 0 	 1 	
 73 	 0 	 32 	 0 	 0 	 1 	 1 	 0 	 1 	 0 	 32 	
 73 	 1 	 0 	 4 	 1 	 3 	 0 	 1 	 0 	 0 	 0 	
 73 	 0 	 1 	 0 	 1 	 0 	 1 	 1 	 1 	 2 	 1 	
 73 	 0 	 4 	 0 	 0 	 1 	 7 	 0 	 1 	 0 	 4 	
 73 	 9 	 0 	 1 	 22 	 0 	 0 	 22 	 0 	 1 	 0 	
 73 	 0 	 1 	 6 	 1 	 0 	 0 	 1 	 1 	 0 	 1 	
 73 	 0 	 11 	 6 	 0 	 0 	 10 	 0 	 0 	 1 	 11 	

 74 	 8 	 0 	 0 	 0 	 1 	 0 	 0 	 9 	 1 	 1 	
 74 	 0 	 0 	 0 	 0 	 2 	 1 	 0 	 0 	 1 	 2 	
 74 	 1 	 1 	 1 	 0 	 0 	 0 	 0 	 0 	 0 	 0 	
 74 	 1 	 0 	 0 	 24 	 0 	 0 	 24 	 0 	 0 	 0 	
 74 	 0 	 0 	 0 	 0 	 0 	 0 	 0 	 11 	 1 	 0 	
 74 	 0 	 1 	 0 	 1 	 1 	 1 	 1 	 0 	 32 	 1 	
 74 	 1 	 0 	 0 	 3 	 0 	 0 	 3 	 4 	 0 	 0 	
 74 	 0 	 1 	 0 	 0 	 1 	 1 	 0 	 0 	 1 	 1 	
 74 	 0 	 1 	 45 	 1 	 7 	 0 	 1 	 0 	 4 	 7 	
 74 	 9 	 0 	 0 	 0 	 0 	 0 	 0 	 1 	 0 	 0 	
 74 	 0 	 1 	 1 	 0 	 0 	 0 	 0 	 6 	 1 	 0 	
 74 	 0 	 0 	 0 	 0 	 10 	 1 	 0 	 6 	 11 	 10 	

 75 	 0 	 1 	 8 	 1 	 0 	 0 	 1 	 1 	 1 	 0 	
 75 	 0 	 0 	 0 	 1 	 12 	 0 	 2 	 1 	 1 	 0 	
 75 	 1 	 1 	 1 	 0 	 3 	 1 	 0 	 0 	 0 	 0 	
 75 	 0 	 0 	 1 	 0 	 1 	 0 	 0 	 0 	 0 	 24 	
 75 	 0 	 1 	 0 	 1 	 0 	 0 	 0 	 1 	 1 	 0 	
 75 	 1 	 0 	 0 	 32 	 0 	 1 	 1 	 32 	 32 	 1 	
 75 	 0 	 1 	 1 	 0 	 0 	 0 	 0 	 0 	 0 	 3 	
 75 	 1 	 1 	 0 	 1 	 2 	 1 	 1 	 1 	 1 	 0 	
 75 	 1 	 0 	 0 	 4 	 0 	 1 	 7 	 4 	 4 	 1 	
 75 	 0 	 22 	 9 	 0 	 1 	 0 	 0 	 0 	 0 	 0 	
 75 	 1 	 1 	 0 	 1 	 0 	 1 	 0 	 1 	 1 	 0 	
 75 	 0 	 0 	 0 	 11 	 1 	 0 	 10 	 11 	 11 	 0 	

 76 	 0 	 0 	 8 	 1 	 1 	 1 	 0 	 1 	 1 	 8 	
 76 	 0 	 12 	 0 	 1 	 1 	 0 	 0 	 2 	 2 	 0 	
 76 	 1 	 3 	 1 	 0 	 0 	 1 	 1 	 0 	 0 	 1 	
 76 	 0 	 1 	 1 	 0 	 0 	 0 	 0 	 0 	 0 	 1 	
 76 	 0 	 0 	 0 	 1 	 1 	 1 	 0 	 0 	 0 	 0 	
 76 	 0 	 0 	 0 	 32 	 32 	 0 	 1 	 1 	 1 	 0 	
 76 	 0 	 0 	 1 	 0 	 0 	 1 	 0 	 0 	 0 	 1 	
 76 	 0 	 2 	 0 	 1 	 1 	 1 	 1 	 1 	 1 	 0 	
 76 	 45 	 0 	 0 	 4 	 4 	 0 	 1 	 7 	 7 	 0 	
 76 	 0 	 1 	 9 	 0 	 0 	 22 	 0 	 0 	 0 	 9 	
 76 	 1 	 0 	 0 	 1 	 1 	 1 	 1 	 0 	 0 	 0 	
 76 	 0 	 1 	 0 	 11 	 11 	 0 	 0 	 10 	 10 	 0 	

 77 	 1 	 0 	 1 	 0 	 1 	 8 	 0 	 0 	 1 	 9 	
 77 	 2 	 12 	 1 	 12 	 0 	 0 	 0 	 0 	 1 	 0 	
 77 	 0 	 3 	 0 	 3 	 1 	 1 	 1 	 1 	 0 	 0 	
 77 	 0 	 1 	 0 	 1 	 0 	 1 	 0 	 0 	 0 	 0 	
 77 	 0 	 0 	 1 	 0 	 1 	 0 	 0 	 0 	 1 	 11 	
 77 	 1 	 0 	 32 	 0 	 0 	 0 	 1 	 1 	 32 	 0 	
 77 	 0 	 0 	 0 	 0 	 1 	 1 	 0 	 0 	 0 	 4 	
 77 	 1 	 2 	 1 	 2 	 1 	 0 	 1 	 1 	 1 	 0 	
 77 	 7 	 0 	 4 	 0 	 0 	 0 	 1 	 1 	 4 	 0 	
 77 	 0 	 1 	 0 	 1 	 22 	 9 	 0 	 0 	 0 	 1 	
 77 	 0 	 0 	 1 	 0 	 1 	 0 	 1 	 1 	 1 	 6 	
 77 	 10 	 1 	 11 	 1 	 0 	 0 	 0 	 0 	 11 	 6 	

 78 	 1 	 1 	 0 	 0 	 1 	 0 	 0 	 1 	 9 	 0 	
 78 	 0 	 2 	 0 	 0 	 2 	 0 	 12 	 0 	 0 	 0 	
 78 	 1 	 0 	 1 	 1 	 0 	 1 	 3 	 1 	 0 	 1 	
 78 	 0 	 0 	 0 	 0 	 0 	 0 	 1 	 0 	 0 	 0 	
 78 	 1 	 0 	 0 	 0 	 0 	 0 	 0 	 1 	 11 	 0 	
 78 	 0 	 1 	 0 	 0 	 1 	 0 	 0 	 0 	 0 	 0 	
 78 	 1 	 0 	 0 	 0 	 0 	 0 	 0 	 1 	 4 	 0 	
 78 	 1 	 1 	 0 	 0 	 1 	 0 	 2 	 1 	 0 	 0 	
 78 	 0 	 7 	 45 	 45 	 7 	 45 	 0 	 0 	 0 	 45 	
 78 	 22 	 0 	 0 	 0 	 0 	 0 	 1 	 22 	 1 	 0 	
 78 	 1 	 0 	 1 	 1 	 0 	 1 	 0 	 1 	 6 	 1 	
 78 	 0 	 10 	 0 	 0 	 10 	 0 	 1 	 0 	 6 	 0 	

 79 	 0 	 0 	 0 	 0 	 0 	 1 	 0 	 9 	 1 	 0 	
 79 	 0 	 1 	 1 	 0 	 1 	 0 	 0 	 0 	 2 	 0 	
 79 	 1 	 0 	 0 	 0 	 0 	 1 	 0 	 0 	 0 	 1 	
 79 	 0 	 0 	 0 	 24 	 0 	 0 	 24 	 0 	 0 	 0 	
 79 	 0 	 0 	 0 	 0 	 0 	 1 	 0 	 11 	 0 	 0 	
 79 	 0 	 1 	 1 	 1 	 1 	 0 	 1 	 0 	 1 	 1 	
 79 	 0 	 0 	 0 	 3 	 0 	 1 	 3 	 4 	 0 	 0 	
 79 	 0 	 1 	 1 	 0 	 1 	 1 	 0 	 0 	 1 	 1 	
 79 	 45 	 0 	 0 	 1 	 0 	 0 	 1 	 0 	 7 	 1 	
 79 	 0 	 0 	 0 	 0 	 0 	 22 	 0 	 1 	 0 	 0 	
 79 	 1 	 0 	 0 	 0 	 0 	 1 	 0 	 6 	 0 	 1 	
 79 	 0 	 1 	 1 	 0 	 1 	 0 	 0 	 6 	 10 	 0 	

 80 	 0 	 0 	 1 	 9 	 0 	 0 	 1 	 8 	 1 	 1 	
 80 	 0 	 0 	 1 	 0 	 0 	 0 	 2 	 0 	 1 	 0 	
 80 	 1 	 1 	 0 	 0 	 0 	 0 	 0 	 1 	 0 	 1 	
 80 	 0 	 0 	 0 	 0 	 24 	 24 	 0 	 1 	 0 	 0 	
 80 	 0 	 0 	 1 	 11 	 0 	 0 	 0 	 0 	 1 	 1 	
 80 	 0 	 0 	 32 	 0 	 1 	 1 	 1 	 0 	 32 	 0 	
 80 	 0 	 0 	 0 	 4 	 3 	 3 	 0 	 1 	 0 	 1 	
 80 	 0 	 0 	 1 	 0 	 0 	 0 	 1 	 0 	 1 	 1 	
 80 	 45 	 45 	 4 	 0 	 1 	 1 	 7 	 0 	 4 	 0 	
 80 	 0 	 0 	 0 	 1 	 0 	 0 	 0 	 9 	 0 	 22 	
 80 	 1 	 1 	 1 	 6 	 0 	 0 	 0 	 0 	 1 	 1 	
 80 	 0 	 0 	 11 	 6 	 0 	 0 	 10 	 0 	 11 	 0 	

 81 	 1 	 0 	 0 	 0 	 0 	 0 	 0 	 8 	 8 	 1 	
 81 	 0 	 12 	 1 	 0 	 1 	 0 	 12 	 0 	 0 	 1 	
 81 	 1 	 3 	 0 	 1 	 0 	 1 	 3 	 1 	 1 	 0 	
 81 	 0 	 1 	 0 	 0 	 0 	 0 	 1 	 1 	 1 	 0 	
 81 	 1 	 0 	 0 	 0 	 0 	 0 	 0 	 0 	 0 	 1 	
 81 	 0 	 0 	 1 	 1 	 1 	 0 	 0 	 0 	 0 	 32 	
 81 	 1 	 0 	 0 	 0 	 0 	 0 	 0 	 1 	 1 	 0 	
 81 	 1 	 2 	 1 	 1 	 1 	 0 	 2 	 0 	 0 	 1 	
 81 	 0 	 0 	 0 	 1 	 0 	 45 	 0 	 0 	 0 	 4 	
 81 	 22 	 1 	 0 	 0 	 0 	 0 	 1 	 9 	 9 	 0 	
 81 	 1 	 0 	 0 	 1 	 0 	 1 	 0 	 0 	 0 	 1 	
 81 	 0 	 1 	 1 	 0 	 1 	 0 	 1 	 0 	 0 	 11 	

 82 	 0 	 1 	 0 	 0 	 1 	 0 	 0 	 0 	 1 	 1 	
 82 	 0 	 2 	 0 	 12 	 2 	 0 	 0 	 0 	 1 	 2 	
 82 	 1 	 0 	 1 	 3 	 0 	 1 	 1 	 0 	 0 	 0 	
 82 	 0 	 0 	 0 	 1 	 0 	 0 	 0 	 24 	 0 	 0 	
 82 	 0 	 0 	 0 	 0 	 0 	 0 	 0 	 0 	 1 	 0 	
 82 	 1 	 1 	 0 	 0 	 1 	 1 	 1 	 1 	 32 	 1 	
 82 	 0 	 0 	 0 	 0 	 0 	 0 	 0 	 3 	 0 	 0 	
 82 	 1 	 1 	 0 	 2 	 1 	 1 	 1 	 0 	 1 	 1 	
 82 	 1 	 7 	 45 	 0 	 7 	 1 	 1 	 1 	 4 	 7 	
 82 	 0 	 0 	 0 	 1 	 0 	 0 	 0 	 0 	 0 	 0 	
 82 	 1 	 0 	 1 	 0 	 0 	 1 	 1 	 0 	 1 	 0 	
 82 	 0 	 10 	 0 	 1 	 10 	 0 	 0 	 0 	 11 	 10 	

 83 	 0 	 9 	 0 	 1 	 9 	 0 	 1 	 0 	 0 	 0 	
 83 	 0 	 0 	 12 	 0 	 0 	 0 	 0 	 0 	 0 	 0 	
 83 	 0 	 0 	 3 	 1 	 0 	 0 	 1 	 1 	 1 	 0 	
 83 	 24 	 0 	 1 	 0 	 0 	 24 	 0 	 0 	 0 	 24 	
 83 	 0 	 11 	 0 	 1 	 11 	 0 	 1 	 0 	 0 	 0 	
 83 	 1 	 0 	 0 	 0 	 0 	 1 	 0 	 0 	 1 	 1 	
 83 	 3 	 4 	 0 	 1 	 4 	 3 	 1 	 0 	 0 	 3 	
 83 	 0 	 0 	 2 	 1 	 0 	 0 	 1 	 0 	 1 	 0 	
 83 	 1 	 0 	 0 	 0 	 0 	 1 	 0 	 45 	 1 	 1 	
 83 	 0 	 1 	 1 	 22 	 1 	 0 	 22 	 0 	 0 	 0 	
 83 	 0 	 6 	 0 	 1 	 6 	 0 	 1 	 1 	 1 	 0 	
 83 	 0 	 6 	 1 	 0 	 6 	 0 	 0 	 0 	 0 	 0 	

 84 	 0 	 1 	 0 	 0 	 0 	 0 	 1 	 0 	 0 	 8 	
 84 	 0 	 0 	 12 	 12 	 1 	 0 	 2 	 0 	 0 	 0 	
 84 	 0 	 1 	 3 	 3 	 0 	 0 	 0 	 1 	 0 	 1 	
 84 	 24 	 0 	 1 	 1 	 0 	 24 	 0 	 0 	 24 	 1 	
 84 	 0 	 1 	 0 	 0 	 0 	 0 	 0 	 0 	 0 	 0 	
 84 	 1 	 0 	 0 	 0 	 1 	 1 	 1 	 0 	 1 	 0 	
 84 	 3 	 1 	 0 	 0 	 0 	 3 	 0 	 0 	 3 	 1 	
 84 	 0 	 1 	 2 	 2 	 1 	 0 	 1 	 0 	 0 	 0 	
 84 	 1 	 0 	 0 	 0 	 0 	 1 	 7 	 45 	 1 	 0 	
 84 	 0 	 22 	 1 	 1 	 0 	 0 	 0 	 0 	 0 	 9 	
 84 	 0 	 1 	 0 	 0 	 0 	 0 	 0 	 1 	 0 	 0 	
 84 	 0 	 0 	 1 	 1 	 1 	 0 	 10 	 0 	 0 	 0 	

 85 	 0 	 0 	 0 	 9 	 0 	 1 	 9 	 1 	 0 	 9 	
 85 	 12 	 12 	 0 	 0 	 0 	 0 	 0 	 1 	 0 	 0 	
 85 	 3 	 3 	 1 	 0 	 1 	 1 	 0 	 0 	 1 	 0 	
 85 	 1 	 1 	 0 	 0 	 0 	 0 	 0 	 0 	 0 	 0 	
 85 	 0 	 0 	 0 	 11 	 0 	 1 	 11 	 1 	 0 	 11 	
 85 	 0 	 0 	 0 	 0 	 1 	 0 	 0 	 32 	 1 	 0 	
 85 	 0 	 0 	 0 	 4 	 0 	 1 	 4 	 0 	 0 	 4 	
 85 	 2 	 2 	 0 	 0 	 1 	 1 	 0 	 1 	 1 	 0 	
 85 	 0 	 0 	 45 	 0 	 1 	 0 	 0 	 4 	 1 	 0 	
 85 	 1 	 1 	 0 	 1 	 0 	 22 	 1 	 0 	 0 	 1 	
 85 	 0 	 0 	 1 	 6 	 1 	 1 	 6 	 1 	 1 	 6 	
 85 	 1 	 1 	 0 	 6 	 0 	 0 	 6 	 11 	 0 	 6 	

 86 	 0 	 0 	 0 	 8 	 0 	 1 	 9 	 0 	 9 	 0 	
 86 	 0 	 1 	 0 	 0 	 0 	 0 	 0 	 0 	 0 	 0 	
 86 	 1 	 0 	 0 	 1 	 1 	 1 	 0 	 1 	 0 	 1 	
 86 	 0 	 0 	 24 	 1 	 0 	 0 	 0 	 0 	 0 	 0 	
 86 	 0 	 0 	 0 	 0 	 0 	 1 	 11 	 0 	 11 	 0 	
 86 	 0 	 1 	 1 	 0 	 1 	 0 	 0 	 0 	 0 	 0 	
 86 	 0 	 0 	 3 	 1 	 0 	 1 	 4 	 0 	 4 	 0 	
 86 	 0 	 1 	 0 	 0 	 1 	 1 	 0 	 0 	 0 	 0 	
 86 	 45 	 0 	 1 	 0 	 1 	 0 	 0 	 45 	 0 	 45 	
 86 	 0 	 0 	 0 	 9 	 0 	 22 	 1 	 0 	 1 	 0 	
 86 	 1 	 0 	 0 	 0 	 1 	 1 	 6 	 1 	 6 	 1 	
 86 	 0 	 1 	 0 	 0 	 0 	 0 	 6 	 0 	 6 	 0 	

 87 	 1 	 0 	 0 	 1 	 1 	 0 	 9 	 8 	 8 	 0 	
 87 	 0 	 0 	 1 	 0 	 0 	 0 	 0 	 0 	 0 	 0 	
 87 	 1 	 0 	 0 	 1 	 1 	 1 	 0 	 1 	 1 	 1 	
 87 	 0 	 24 	 0 	 0 	 0 	 0 	 0 	 1 	 1 	 0 	
 87 	 1 	 0 	 0 	 1 	 1 	 0 	 11 	 0 	 0 	 0 	
 87 	 0 	 1 	 1 	 0 	 0 	 0 	 0 	 0 	 0 	 1 	
 87 	 1 	 3 	 0 	 1 	 1 	 0 	 4 	 1 	 1 	 0 	
 87 	 1 	 0 	 1 	 1 	 1 	 0 	 0 	 0 	 0 	 1 	
 87 	 0 	 1 	 0 	 0 	 0 	 45 	 0 	 0 	 0 	 1 	
 87 	 22 	 0 	 0 	 22 	 22 	 0 	 1 	 9 	 9 	 0 	
 87 	 1 	 0 	 0 	 1 	 1 	 1 	 6 	 0 	 0 	 1 	
 87 	 0 	 0 	 1 	 0 	 0 	 0 	 6 	 0 	 0 	 0 	

 88 	 0 	 0 	 0 	 0 	 0 	 9 	 0 	 1 	 1 	 1 	
 88 	 12 	 12 	 12 	 0 	 0 	 0 	 0 	 2 	 1 	 0 	
 88 	 3 	 3 	 3 	 0 	 0 	 0 	 1 	 0 	 0 	 1 	
 88 	 1 	 1 	 1 	 24 	 24 	 0 	 0 	 0 	 0 	 0 	
 88 	 0 	 0 	 0 	 0 	 0 	 11 	 0 	 0 	 1 	 1 	
 88 	 0 	 0 	 0 	 1 	 1 	 0 	 0 	 1 	 32 	 0 	
 88 	 0 	 0 	 0 	 3 	 3 	 4 	 0 	 0 	 0 	 1 	
 88 	 2 	 2 	 2 	 0 	 0 	 0 	 0 	 1 	 1 	 1 	
 88 	 0 	 0 	 0 	 1 	 1 	 0 	 45 	 7 	 4 	 0 	
 88 	 1 	 1 	 1 	 0 	 0 	 1 	 0 	 0 	 0 	 22 	
 88 	 0 	 0 	 0 	 0 	 0 	 6 	 1 	 0 	 1 	 1 	
 88 	 1 	 1 	 1 	 0 	 0 	 6 	 0 	 10 	 11 	 0 	

 89 	 0 	 0 	 0 	 0 	 1 	 8 	 1 	 0 	 0 	 0 	
 89 	 1 	 0 	 1 	 0 	 0 	 0 	 0 	 0 	 12 	 12 	
 89 	 0 	 1 	 0 	 1 	 1 	 1 	 1 	 0 	 3 	 3 	
 89 	 0 	 0 	 0 	 0 	 0 	 1 	 0 	 24 	 1 	 1 	
 89 	 0 	 0 	 0 	 0 	 1 	 0 	 1 	 0 	 0 	 0 	
 89 	 1 	 1 	 1 	 1 	 0 	 0 	 0 	 1 	 0 	 0 	
 89 	 0 	 0 	 0 	 0 	 1 	 1 	 1 	 3 	 0 	 0 	
 89 	 1 	 1 	 1 	 1 	 1 	 0 	 1 	 0 	 2 	 2 	
 89 	 0 	 1 	 0 	 1 	 0 	 0 	 0 	 1 	 0 	 0 	
 89 	 0 	 0 	 0 	 0 	 22 	 9 	 22 	 0 	 1 	 1 	
 89 	 0 	 1 	 0 	 1 	 1 	 0 	 1 	 0 	 0 	 0 	
 89 	 1 	 0 	 1 	 0 	 0 	 0 	 0 	 0 	 1 	 1 	

 90 	 0 	 9 	 0 	 0 	 0 	 8 	 0 	 0 	 1 	 1 	
 90 	 1 	 0 	 0 	 0 	 0 	 0 	 0 	 12 	 1 	 2 	
 90 	 0 	 0 	 0 	 1 	 1 	 1 	 0 	 3 	 0 	 0 	
 90 	 0 	 0 	 24 	 0 	 0 	 1 	 24 	 1 	 0 	 0 	
 90 	 0 	 11 	 0 	 0 	 0 	 0 	 0 	 0 	 1 	 0 	
 90 	 1 	 0 	 1 	 1 	 1 	 0 	 1 	 0 	 32 	 1 	
 90 	 0 	 4 	 3 	 0 	 0 	 1 	 3 	 0 	 0 	 0 	
 90 	 1 	 0 	 0 	 1 	 1 	 0 	 0 	 2 	 1 	 1 	
 90 	 0 	 0 	 1 	 1 	 1 	 0 	 1 	 0 	 4 	 7 	
 90 	 0 	 1 	 0 	 0 	 0 	 9 	 0 	 1 	 0 	 0 	
 90 	 0 	 6 	 0 	 1 	 1 	 0 	 0 	 0 	 1 	 0 	
 90 	 1 	 6 	 0 	 0 	 0 	 0 	 0 	 1 	 11 	 10 	

 91 	 0 	 0 	 0 	 1 	 0 	 0 	 0 	 0 	 0 	 0 	
 91 	 0 	 1 	 0 	 2 	 0 	 0 	 12 	 0 	 1 	 0 	
 91 	 1 	 0 	 1 	 0 	 1 	 1 	 3 	 0 	 0 	 0 	
 91 	 0 	 0 	 0 	 0 	 0 	 0 	 1 	 24 	 0 	 24 	
 91 	 0 	 0 	 0 	 0 	 0 	 0 	 0 	 0 	 0 	 0 	
 91 	 1 	 1 	 0 	 1 	 1 	 1 	 0 	 1 	 1 	 1 	
 91 	 0 	 0 	 0 	 0 	 0 	 0 	 0 	 3 	 0 	 3 	
 91 	 1 	 1 	 0 	 1 	 1 	 1 	 2 	 0 	 1 	 0 	
 91 	 1 	 0 	 45 	 7 	 1 	 1 	 0 	 1 	 0 	 1 	
 91 	 0 	 0 	 0 	 0 	 0 	 0 	 1 	 0 	 0 	 0 	
 91 	 1 	 0 	 1 	 0 	 1 	 1 	 0 	 0 	 0 	 0 	
 91 	 0 	 1 	 0 	 10 	 0 	 0 	 1 	 0 	 1 	 0 	

 92 	 0 	 0 	 0 	 0 	 1 	 1 	 0 	 1 	 0 	 8 	
 92 	 12 	 0 	 0 	 0 	 2 	 0 	 0 	 1 	 0 	 0 	
 92 	 3 	 0 	 1 	 1 	 0 	 1 	 1 	 0 	 0 	 1 	
 92 	 1 	 24 	 0 	 0 	 0 	 0 	 0 	 0 	 24 	 1 	
 92 	 0 	 0 	 0 	 0 	 0 	 1 	 0 	 1 	 0 	 0 	
 92 	 0 	 1 	 0 	 1 	 1 	 0 	 0 	 32 	 1 	 0 	
 92 	 0 	 3 	 0 	 0 	 0 	 1 	 0 	 0 	 3 	 1 	
 92 	 2 	 0 	 0 	 1 	 1 	 1 	 0 	 1 	 0 	 0 	
 92 	 0 	 1 	 45 	 1 	 7 	 0 	 45 	 4 	 1 	 0 	
 92 	 1 	 0 	 0 	 0 	 0 	 22 	 0 	 0 	 0 	 9 	
 92 	 0 	 0 	 1 	 1 	 0 	 1 	 1 	 1 	 0 	 0 	
 92 	 1 	 0 	 0 	 0 	 10 	 0 	 0 	 11 	 0 	 0 	

 93 	 1 	 0 	 0 	 9 	 0 	 0 	 1 	 1 	 1 	 0 	
 93 	 0 	 0 	 0 	 0 	 1 	 0 	 2 	 0 	 1 	 1 	
 93 	 1 	 1 	 1 	 0 	 0 	 1 	 0 	 1 	 0 	 0 	
 93 	 0 	 0 	 0 	 0 	 0 	 0 	 0 	 0 	 0 	 0 	
 93 	 1 	 0 	 0 	 11 	 0 	 0 	 0 	 1 	 1 	 0 	
 93 	 0 	 1 	 0 	 0 	 1 	 0 	 1 	 0 	 32 	 1 	
 93 	 1 	 0 	 0 	 4 	 0 	 0 	 0 	 1 	 0 	 0 	
 93 	 1 	 1 	 0 	 0 	 1 	 0 	 1 	 1 	 1 	 1 	
 93 	 0 	 1 	 45 	 0 	 0 	 45 	 7 	 0 	 4 	 0 	
 93 	 22 	 0 	 0 	 1 	 0 	 0 	 0 	 22 	 0 	 0 	
 93 	 1 	 1 	 1 	 6 	 0 	 1 	 0 	 1 	 1 	 0 	
 93 	 0 	 0 	 0 	 6 	 1 	 0 	 10 	 0 	 11 	 1 	

 94 	 0 	 8 	 9 	 8 	 1 	 0 	 9 	 1 	 0 	 0 	
 94 	 0 	 0 	 0 	 0 	 0 	 0 	 0 	 2 	 12 	 12 	
 94 	 0 	 1 	 0 	 1 	 1 	 1 	 0 	 0 	 3 	 3 	
 94 	 24 	 1 	 0 	 1 	 0 	 0 	 0 	 0 	 1 	 1 	
 94 	 0 	 0 	 11 	 0 	 1 	 0 	 11 	 0 	 0 	 0 	
 94 	 1 	 0 	 0 	 0 	 0 	 0 	 0 	 1 	 0 	 0 	
 94 	 3 	 1 	 4 	 1 	 1 	 0 	 4 	 0 	 0 	 0 	
 94 	 0 	 0 	 0 	 0 	 1 	 0 	 0 	 1 	 2 	 2 	
 94 	 1 	 0 	 0 	 0 	 0 	 45 	 0 	 7 	 0 	 0 	
 94 	 0 	 9 	 1 	 9 	 22 	 0 	 1 	 0 	 1 	 1 	
 94 	 0 	 0 	 6 	 0 	 1 	 1 	 6 	 0 	 0 	 0 	
 94 	 0 	 0 	 6 	 0 	 0 	 0 	 6 	 10 	 1 	 1 	

 95 	 8 	 1 	 1 	 0 	 1 	 1 	 0 	 1 	 1 	 0 	
 95 	 0 	 0 	 2 	 0 	 2 	 2 	 0 	 1 	 2 	 0 	
 95 	 1 	 1 	 0 	 1 	 0 	 0 	 1 	 0 	 0 	 1 	
 95 	 1 	 0 	 0 	 0 	 0 	 0 	 0 	 0 	 0 	 0 	
 95 	 0 	 1 	 0 	 0 	 0 	 0 	 0 	 1 	 0 	 0 	
 95 	 0 	 0 	 1 	 1 	 1 	 1 	 0 	 32 	 1 	 1 	
 95 	 1 	 1 	 0 	 0 	 0 	 0 	 0 	 0 	 0 	 0 	
 95 	 0 	 1 	 1 	 1 	 1 	 1 	 0 	 1 	 1 	 1 	
 95 	 0 	 0 	 7 	 1 	 7 	 7 	 45 	 4 	 7 	 1 	
 95 	 9 	 22 	 0 	 0 	 0 	 0 	 0 	 0 	 0 	 0 	
 95 	 0 	 1 	 0 	 1 	 0 	 0 	 1 	 1 	 0 	 1 	
 95 	 0 	 0 	 10 	 0 	 10 	 10 	 0 	 11 	 10 	 0 	

 96 	 0 	 1 	 0 	 0 	 1 	 1 	 0 	 0 	 0 	 1 	
 96 	 0 	 0 	 0 	 0 	 1 	 0 	 12 	 0 	 1 	 0 	
 96 	 1 	 1 	 0 	 0 	 0 	 1 	 3 	 1 	 0 	 1 	
 96 	 0 	 0 	 24 	 24 	 0 	 0 	 1 	 0 	 0 	 0 	
 96 	 0 	 1 	 0 	 0 	 1 	 1 	 0 	 0 	 0 	 1 	
 96 	 0 	 0 	 1 	 1 	 32 	 0 	 0 	 0 	 1 	 0 	
 96 	 0 	 1 	 3 	 3 	 0 	 1 	 0 	 0 	 0 	 1 	
 96 	 0 	 1 	 0 	 0 	 1 	 1 	 2 	 0 	 1 	 1 	
 96 	 45 	 0 	 1 	 1 	 4 	 0 	 0 	 45 	 0 	 0 	
 96 	 0 	 22 	 0 	 0 	 0 	 22 	 1 	 0 	 0 	 22 	
 96 	 1 	 1 	 0 	 0 	 1 	 1 	 0 	 1 	 0 	 1 	
 96 	 0 	 0 	 0 	 0 	 11 	 0 	 1 	 0 	 1 	 0 	

 97 	 0 	 8 	 0 	 0 	 0 	 9 	 0 	 1 	 8 	 0 	
 97 	 12 	 0 	 0 	 0 	 0 	 0 	 12 	 0 	 0 	 12 	
 97 	 3 	 1 	 1 	 1 	 1 	 0 	 3 	 1 	 1 	 3 	
 97 	 1 	 1 	 0 	 0 	 0 	 0 	 1 	 0 	 1 	 1 	
 97 	 0 	 0 	 0 	 0 	 0 	 11 	 0 	 1 	 0 	 0 	
 97 	 0 	 0 	 1 	 0 	 1 	 0 	 0 	 0 	 0 	 0 	
 97 	 0 	 1 	 0 	 0 	 0 	 4 	 0 	 1 	 1 	 0 	
 97 	 2 	 0 	 1 	 0 	 1 	 0 	 2 	 1 	 0 	 2 	
 97 	 0 	 0 	 1 	 45 	 1 	 0 	 0 	 0 	 0 	 0 	
 97 	 1 	 9 	 0 	 0 	 0 	 1 	 1 	 22 	 9 	 1 	
 97 	 0 	 0 	 1 	 1 	 1 	 6 	 0 	 1 	 0 	 0 	
 97 	 1 	 0 	 0 	 0 	 0 	 6 	 1 	 0 	 0 	 1 	

 98 	 0 	 0 	 9 	 0 	 1 	 0 	 0 	 0 	 0 	 1 	
 98 	 0 	 0 	 0 	 0 	 0 	 0 	 0 	 1 	 1 	 2 	
 98 	 1 	 1 	 0 	 1 	 1 	 1 	 1 	 0 	 0 	 0 	
 98 	 0 	 0 	 0 	 0 	 0 	 0 	 0 	 0 	 0 	 0 	
 98 	 0 	 0 	 11 	 0 	 1 	 0 	 0 	 0 	 0 	 0 	
 98 	 1 	 1 	 0 	 1 	 0 	 1 	 0 	 1 	 1 	 1 	
 98 	 0 	 0 	 4 	 0 	 1 	 0 	 0 	 0 	 0 	 0 	
 98 	 1 	 1 	 0 	 1 	 1 	 1 	 0 	 1 	 1 	 1 	
 98 	 1 	 1 	 0 	 1 	 0 	 1 	 45 	 0 	 0 	 7 	
 98 	 0 	 0 	 1 	 0 	 22 	 0 	 0 	 0 	 0 	 0 	
 98 	 1 	 1 	 6 	 1 	 1 	 1 	 1 	 0 	 0 	 0 	
 98 	 0 	 0 	 6 	 0 	 0 	 0 	 0 	 1 	 1 	 10 	

 99 	 0 	 0 	 1 	 0 	 0 	 0 	 0 	 1 	 1 	 0 	
 99 	 0 	 1 	 0 	 12 	 0 	 0 	 0 	 0 	 0 	 0 	
 99 	 0 	 0 	 1 	 3 	 1 	 0 	 1 	 1 	 1 	 0 	
 99 	 24 	 0 	 0 	 1 	 0 	 24 	 0 	 0 	 0 	 24 	
 99 	 0 	 0 	 1 	 0 	 0 	 0 	 0 	 1 	 1 	 0 	
 99 	 1 	 1 	 0 	 0 	 0 	 1 	 1 	 0 	 0 	 1 	
 99 	 3 	 0 	 1 	 0 	 0 	 3 	 0 	 1 	 1 	 3 	
 99 	 0 	 1 	 1 	 2 	 0 	 0 	 1 	 1 	 1 	 0 	
 99 	 1 	 0 	 0 	 0 	 45 	 1 	 1 	 0 	 0 	 1 	
 99 	 0 	 0 	 22 	 1 	 0 	 0 	 0 	 22 	 22 	 0 	
 99 	 0 	 0 	 1 	 0 	 1 	 0 	 1 	 1 	 1 	 0 	
 99 	 0 	 1 	 0 	 1 	 0 	 0 	 0 	 0 	 0 	 0 	

 100 	 1 	 0 	 0 	 9 	 1 	 0 	 1 	 1 	 0 	 8 	
 100 	 1 	 12 	 0 	 0 	 2 	 1 	 2 	 2 	 0 	 0 	
 100 	 0 	 3 	 1 	 0 	 0 	 0 	 0 	 0 	 0 	 1 	
 100 	 0 	 1 	 0 	 0 	 0 	 0 	 0 	 0 	 24 	 1 	
 100 	 1 	 0 	 0 	 11 	 0 	 0 	 0 	 0 	 0 	 0 	
 100 	 32 	 0 	 0 	 0 	 1 	 1 	 1 	 1 	 1 	 0 	
 100 	 0 	 0 	 0 	 4 	 0 	 0 	 0 	 0 	 3 	 1 	
 100 	 1 	 2 	 0 	 0 	 1 	 1 	 1 	 1 	 0 	 0 	
 100 	 4 	 0 	 45 	 0 	 7 	 0 	 7 	 7 	 1 	 0 	
 100 	 0 	 1 	 0 	 1 	 0 	 0 	 0 	 0 	 0 	 9 	
 100 	 1 	 0 	 1 	 6 	 0 	 0 	 0 	 0 	 0 	 0 	
 100 	 11 	 1 	 0 	 6 	 10 	 1 	 10 	 10 	 0 	 0 	
CURSAT ver. 2.1 Edition #1 started on 03-05-2020 at 14:47:27 and ended on 03-05-2020 at 14:47:29
