CURSAT ver 2.1 Edition #1   Date:         03-05-2020      Hour:       14:48:36
Input file:   abundance.txt
Accumulation pseudoreplicates' file:      accum_abundance_shuf.txt
Dataset pseudoreplicates' file:           pseud_abundance_shuf.txt
Number of columns (sampling events):       10 
Number of rows (species, OTUs, objects,...):             12 
Number of repetitions:       100 
Seed number:  12348695

Resampling without replacement

Replicate

 1 	 0 	 9 	 1 	 0 	 0 	 1 	 0 	 1 	 0 	 8 	
 1 	 12 	 0 	 1 	 0 	 0 	 0 	 1 	 2 	 0 	 0 	
 1 	 3 	 0 	 0 	 1 	 0 	 1 	 0 	 0 	 1 	 1 	
 1 	 1 	 0 	 0 	 0 	 24 	 0 	 0 	 0 	 0 	 1 	
 1 	 0 	 11 	 1 	 0 	 0 	 1 	 0 	 0 	 0 	 0 	
 1 	 0 	 0 	 32 	 0 	 1 	 0 	 1 	 1 	 1 	 0 	
 1 	 0 	 4 	 0 	 0 	 3 	 1 	 0 	 0 	 0 	 1 	
 1 	 2 	 0 	 1 	 0 	 0 	 1 	 1 	 1 	 1 	 0 	
 1 	 0 	 0 	 4 	 45 	 1 	 0 	 0 	 7 	 1 	 0 	
 1 	 1 	 1 	 0 	 0 	 0 	 22 	 0 	 0 	 0 	 9 	
 1 	 0 	 6 	 1 	 1 	 0 	 1 	 0 	 0 	 1 	 0 	
 1 	 1 	 6 	 11 	 0 	 0 	 0 	 1 	 10 	 0 	 0 	

 2 	 1 	 9 	 1 	 0 	 0 	 0 	 0 	 1 	 0 	 8 	
 2 	 2 	 0 	 0 	 12 	 0 	 0 	 0 	 1 	 1 	 0 	
 2 	 0 	 0 	 1 	 3 	 0 	 1 	 1 	 0 	 0 	 1 	
 2 	 0 	 0 	 0 	 1 	 24 	 0 	 0 	 0 	 0 	 1 	
 2 	 0 	 11 	 1 	 0 	 0 	 0 	 0 	 1 	 0 	 0 	
 2 	 1 	 0 	 0 	 0 	 1 	 0 	 1 	 32 	 1 	 0 	
 2 	 0 	 4 	 1 	 0 	 3 	 0 	 0 	 0 	 0 	 1 	
 2 	 1 	 0 	 1 	 2 	 0 	 0 	 1 	 1 	 1 	 0 	
 2 	 7 	 0 	 0 	 0 	 1 	 45 	 1 	 4 	 0 	 0 	
 2 	 0 	 1 	 22 	 1 	 0 	 0 	 0 	 0 	 0 	 9 	
 2 	 0 	 6 	 1 	 0 	 0 	 1 	 1 	 1 	 0 	 0 	
 2 	 10 	 6 	 0 	 1 	 0 	 0 	 0 	 11 	 1 	 0 	

 3 	 8 	 0 	 1 	 9 	 1 	 1 	 0 	 0 	 0 	 0 	
 3 	 0 	 12 	 0 	 0 	 2 	 1 	 1 	 0 	 0 	 0 	
 3 	 1 	 3 	 1 	 0 	 0 	 0 	 0 	 0 	 1 	 1 	
 3 	 1 	 1 	 0 	 0 	 0 	 0 	 0 	 24 	 0 	 0 	
 3 	 0 	 0 	 1 	 11 	 0 	 1 	 0 	 0 	 0 	 0 	
 3 	 0 	 0 	 0 	 0 	 1 	 32 	 1 	 1 	 1 	 0 	
 3 	 1 	 0 	 1 	 4 	 0 	 0 	 0 	 3 	 0 	 0 	
 3 	 0 	 2 	 1 	 0 	 1 	 1 	 1 	 0 	 1 	 0 	
 3 	 0 	 0 	 0 	 0 	 7 	 4 	 0 	 1 	 1 	 45 	
 3 	 9 	 1 	 22 	 1 	 0 	 0 	 0 	 0 	 0 	 0 	
 3 	 0 	 0 	 1 	 6 	 0 	 1 	 0 	 0 	 1 	 1 	
 3 	 0 	 1 	 0 	 6 	 10 	 11 	 1 	 0 	 0 	 0 	

 4 	 0 	 1 	 1 	 0 	 9 	 0 	 1 	 0 	 0 	 8 	
 4 	 1 	 0 	 1 	 12 	 0 	 0 	 2 	 0 	 0 	 0 	
 4 	 0 	 1 	 0 	 3 	 0 	 1 	 0 	 0 	 1 	 1 	
 4 	 0 	 0 	 0 	 1 	 0 	 0 	 0 	 24 	 0 	 1 	
 4 	 0 	 1 	 1 	 0 	 11 	 0 	 0 	 0 	 0 	 0 	
 4 	 1 	 0 	 32 	 0 	 0 	 0 	 1 	 1 	 1 	 0 	
 4 	 0 	 1 	 0 	 0 	 4 	 0 	 0 	 3 	 0 	 1 	
 4 	 1 	 1 	 1 	 2 	 0 	 0 	 1 	 0 	 1 	 0 	
 4 	 0 	 0 	 4 	 0 	 0 	 45 	 7 	 1 	 1 	 0 	
 4 	 0 	 22 	 0 	 1 	 1 	 0 	 0 	 0 	 0 	 9 	
 4 	 0 	 1 	 1 	 0 	 6 	 1 	 0 	 0 	 1 	 0 	
 4 	 1 	 0 	 11 	 1 	 6 	 0 	 10 	 0 	 0 	 0 	

 5 	 1 	 1 	 9 	 0 	 0 	 0 	 0 	 0 	 1 	 8 	
 5 	 2 	 0 	 0 	 0 	 1 	 12 	 0 	 0 	 1 	 0 	
 5 	 0 	 1 	 0 	 1 	 0 	 3 	 1 	 0 	 0 	 1 	
 5 	 0 	 0 	 0 	 0 	 0 	 1 	 0 	 24 	 0 	 1 	
 5 	 0 	 1 	 11 	 0 	 0 	 0 	 0 	 0 	 1 	 0 	
 5 	 1 	 0 	 0 	 1 	 1 	 0 	 0 	 1 	 32 	 0 	
 5 	 0 	 1 	 4 	 0 	 0 	 0 	 0 	 3 	 0 	 1 	
 5 	 1 	 1 	 0 	 1 	 1 	 2 	 0 	 0 	 1 	 0 	
 5 	 7 	 0 	 0 	 1 	 0 	 0 	 45 	 1 	 4 	 0 	
 5 	 0 	 22 	 1 	 0 	 0 	 1 	 0 	 0 	 0 	 9 	
 5 	 0 	 1 	 6 	 1 	 0 	 0 	 1 	 0 	 1 	 0 	
 5 	 10 	 0 	 6 	 0 	 1 	 1 	 0 	 0 	 11 	 0 	

 6 	 0 	 0 	 0 	 9 	 8 	 1 	 1 	 0 	 0 	 1 	
 6 	 0 	 12 	 0 	 0 	 0 	 0 	 2 	 0 	 1 	 1 	
 6 	 0 	 3 	 1 	 0 	 1 	 1 	 0 	 1 	 0 	 0 	
 6 	 24 	 1 	 0 	 0 	 1 	 0 	 0 	 0 	 0 	 0 	
 6 	 0 	 0 	 0 	 11 	 0 	 1 	 0 	 0 	 0 	 1 	
 6 	 1 	 0 	 1 	 0 	 0 	 0 	 1 	 0 	 1 	 32 	
 6 	 3 	 0 	 0 	 4 	 1 	 1 	 0 	 0 	 0 	 0 	
 6 	 0 	 2 	 1 	 0 	 0 	 1 	 1 	 0 	 1 	 1 	
 6 	 1 	 0 	 1 	 0 	 0 	 0 	 7 	 45 	 0 	 4 	
 6 	 0 	 1 	 0 	 1 	 9 	 22 	 0 	 0 	 0 	 0 	
 6 	 0 	 0 	 1 	 6 	 0 	 1 	 0 	 1 	 0 	 1 	
 6 	 0 	 1 	 0 	 6 	 0 	 0 	 10 	 0 	 1 	 11 	

 7 	 1 	 0 	 9 	 1 	 0 	 1 	 0 	 8 	 0 	 0 	
 7 	 0 	 1 	 0 	 2 	 0 	 1 	 0 	 0 	 12 	 0 	
 7 	 1 	 0 	 0 	 0 	 1 	 0 	 1 	 1 	 3 	 0 	
 7 	 0 	 0 	 0 	 0 	 0 	 0 	 0 	 1 	 1 	 24 	
 7 	 1 	 0 	 11 	 0 	 0 	 1 	 0 	 0 	 0 	 0 	
 7 	 0 	 1 	 0 	 1 	 0 	 32 	 1 	 0 	 0 	 1 	
 7 	 1 	 0 	 4 	 0 	 0 	 0 	 0 	 1 	 0 	 3 	
 7 	 1 	 1 	 0 	 1 	 0 	 1 	 1 	 0 	 2 	 0 	
 7 	 0 	 0 	 0 	 7 	 45 	 4 	 1 	 0 	 0 	 1 	
 7 	 22 	 0 	 1 	 0 	 0 	 0 	 0 	 9 	 1 	 0 	
 7 	 1 	 0 	 6 	 0 	 1 	 1 	 1 	 0 	 0 	 0 	
 7 	 0 	 1 	 6 	 10 	 0 	 11 	 0 	 0 	 1 	 0 	

 8 	 0 	 0 	 9 	 0 	 1 	 8 	 0 	 1 	 0 	 1 	
 8 	 0 	 0 	 0 	 1 	 0 	 0 	 0 	 1 	 12 	 2 	
 8 	 0 	 1 	 0 	 0 	 1 	 1 	 1 	 0 	 3 	 0 	
 8 	 24 	 0 	 0 	 0 	 0 	 1 	 0 	 0 	 1 	 0 	
 8 	 0 	 0 	 11 	 0 	 1 	 0 	 0 	 1 	 0 	 0 	
 8 	 1 	 1 	 0 	 1 	 0 	 0 	 0 	 32 	 0 	 1 	
 8 	 3 	 0 	 4 	 0 	 1 	 1 	 0 	 0 	 0 	 0 	
 8 	 0 	 1 	 0 	 1 	 1 	 0 	 0 	 1 	 2 	 1 	
 8 	 1 	 1 	 0 	 0 	 0 	 0 	 45 	 4 	 0 	 7 	
 8 	 0 	 0 	 1 	 0 	 22 	 9 	 0 	 0 	 1 	 0 	
 8 	 0 	 1 	 6 	 0 	 1 	 0 	 1 	 1 	 0 	 0 	
 8 	 0 	 0 	 6 	 1 	 0 	 0 	 0 	 11 	 1 	 10 	

 9 	 1 	 9 	 0 	 1 	 0 	 0 	 0 	 0 	 1 	 8 	
 9 	 2 	 0 	 0 	 0 	 0 	 12 	 1 	 0 	 1 	 0 	
 9 	 0 	 0 	 0 	 1 	 1 	 3 	 0 	 1 	 0 	 1 	
 9 	 0 	 0 	 24 	 0 	 0 	 1 	 0 	 0 	 0 	 1 	
 9 	 0 	 11 	 0 	 1 	 0 	 0 	 0 	 0 	 1 	 0 	
 9 	 1 	 0 	 1 	 0 	 1 	 0 	 1 	 0 	 32 	 0 	
 9 	 0 	 4 	 3 	 1 	 0 	 0 	 0 	 0 	 0 	 1 	
 9 	 1 	 0 	 0 	 1 	 1 	 2 	 1 	 0 	 1 	 0 	
 9 	 7 	 0 	 1 	 0 	 1 	 0 	 0 	 45 	 4 	 0 	
 9 	 0 	 1 	 0 	 22 	 0 	 1 	 0 	 0 	 0 	 9 	
 9 	 0 	 6 	 0 	 1 	 1 	 0 	 0 	 1 	 1 	 0 	
 9 	 10 	 6 	 0 	 0 	 0 	 1 	 1 	 0 	 11 	 0 	

 10 	 0 	 1 	 0 	 1 	 0 	 9 	 8 	 1 	 0 	 0 	
 10 	 12 	 1 	 1 	 2 	 0 	 0 	 0 	 0 	 0 	 0 	
 10 	 3 	 0 	 0 	 0 	 1 	 0 	 1 	 1 	 1 	 0 	
 10 	 1 	 0 	 0 	 0 	 0 	 0 	 1 	 0 	 0 	 24 	
 10 	 0 	 1 	 0 	 0 	 0 	 11 	 0 	 1 	 0 	 0 	
 10 	 0 	 32 	 1 	 1 	 0 	 0 	 0 	 0 	 1 	 1 	
 10 	 0 	 0 	 0 	 0 	 0 	 4 	 1 	 1 	 0 	 3 	
 10 	 2 	 1 	 1 	 1 	 0 	 0 	 0 	 1 	 1 	 0 	
 10 	 0 	 4 	 0 	 7 	 45 	 0 	 0 	 0 	 1 	 1 	
 10 	 1 	 0 	 0 	 0 	 0 	 1 	 9 	 22 	 0 	 0 	
 10 	 0 	 1 	 0 	 0 	 1 	 6 	 0 	 1 	 1 	 0 	
 10 	 1 	 11 	 1 	 10 	 0 	 6 	 0 	 0 	 0 	 0 	

 11 	 8 	 1 	 1 	 1 	 0 	 0 	 0 	 0 	 9 	 0 	
 11 	 0 	 1 	 2 	 0 	 0 	 0 	 1 	 12 	 0 	 0 	
 11 	 1 	 0 	 0 	 1 	 1 	 1 	 0 	 3 	 0 	 0 	
 11 	 1 	 0 	 0 	 0 	 0 	 0 	 0 	 1 	 0 	 24 	
 11 	 0 	 1 	 0 	 1 	 0 	 0 	 0 	 0 	 11 	 0 	
 11 	 0 	 32 	 1 	 0 	 0 	 1 	 1 	 0 	 0 	 1 	
 11 	 1 	 0 	 0 	 1 	 0 	 0 	 0 	 0 	 4 	 3 	
 11 	 0 	 1 	 1 	 1 	 0 	 1 	 1 	 2 	 0 	 0 	
 11 	 0 	 4 	 7 	 0 	 45 	 1 	 0 	 0 	 0 	 1 	
 11 	 9 	 0 	 0 	 22 	 0 	 0 	 0 	 1 	 1 	 0 	
 11 	 0 	 1 	 0 	 1 	 1 	 1 	 0 	 0 	 6 	 0 	
 11 	 0 	 11 	 10 	 0 	 0 	 0 	 1 	 1 	 6 	 0 	

 12 	 0 	 0 	 1 	 0 	 1 	 0 	 0 	 9 	 8 	 1 	
 12 	 12 	 0 	 0 	 0 	 1 	 0 	 1 	 0 	 0 	 2 	
 12 	 3 	 1 	 1 	 0 	 0 	 1 	 0 	 0 	 1 	 0 	
 12 	 1 	 0 	 0 	 24 	 0 	 0 	 0 	 0 	 1 	 0 	
 12 	 0 	 0 	 1 	 0 	 1 	 0 	 0 	 11 	 0 	 0 	
 12 	 0 	 0 	 0 	 1 	 32 	 1 	 1 	 0 	 0 	 1 	
 12 	 0 	 0 	 1 	 3 	 0 	 0 	 0 	 4 	 1 	 0 	
 12 	 2 	 0 	 1 	 0 	 1 	 1 	 1 	 0 	 0 	 1 	
 12 	 0 	 45 	 0 	 1 	 4 	 1 	 0 	 0 	 0 	 7 	
 12 	 1 	 0 	 22 	 0 	 0 	 0 	 0 	 1 	 9 	 0 	
 12 	 0 	 1 	 1 	 0 	 1 	 1 	 0 	 6 	 0 	 0 	
 12 	 1 	 0 	 0 	 0 	 11 	 0 	 1 	 6 	 0 	 10 	

 13 	 9 	 0 	 0 	 0 	 1 	 8 	 1 	 0 	 1 	 0 	
 13 	 0 	 1 	 12 	 0 	 2 	 0 	 0 	 0 	 1 	 0 	
 13 	 0 	 0 	 3 	 1 	 0 	 1 	 1 	 1 	 0 	 0 	
 13 	 0 	 0 	 1 	 0 	 0 	 1 	 0 	 0 	 0 	 24 	
 13 	 11 	 0 	 0 	 0 	 0 	 0 	 1 	 0 	 1 	 0 	
 13 	 0 	 1 	 0 	 1 	 1 	 0 	 0 	 0 	 32 	 1 	
 13 	 4 	 0 	 0 	 0 	 0 	 1 	 1 	 0 	 0 	 3 	
 13 	 0 	 1 	 2 	 1 	 1 	 0 	 1 	 0 	 1 	 0 	
 13 	 0 	 0 	 0 	 1 	 7 	 0 	 0 	 45 	 4 	 1 	
 13 	 1 	 0 	 1 	 0 	 0 	 9 	 22 	 0 	 0 	 0 	
 13 	 6 	 0 	 0 	 1 	 0 	 0 	 1 	 1 	 1 	 0 	
 13 	 6 	 1 	 1 	 0 	 10 	 0 	 0 	 0 	 11 	 0 	

 14 	 0 	 1 	 1 	 1 	 8 	 0 	 0 	 0 	 9 	 0 	
 14 	 0 	 0 	 2 	 1 	 0 	 0 	 0 	 1 	 0 	 12 	
 14 	 1 	 1 	 0 	 0 	 1 	 1 	 0 	 0 	 0 	 3 	
 14 	 0 	 0 	 0 	 0 	 1 	 0 	 24 	 0 	 0 	 1 	
 14 	 0 	 1 	 0 	 1 	 0 	 0 	 0 	 0 	 11 	 0 	
 14 	 1 	 0 	 1 	 32 	 0 	 0 	 1 	 1 	 0 	 0 	
 14 	 0 	 1 	 0 	 0 	 1 	 0 	 3 	 0 	 4 	 0 	
 14 	 1 	 1 	 1 	 1 	 0 	 0 	 0 	 1 	 0 	 2 	
 14 	 1 	 0 	 7 	 4 	 0 	 45 	 1 	 0 	 0 	 0 	
 14 	 0 	 22 	 0 	 0 	 9 	 0 	 0 	 0 	 1 	 1 	
 14 	 1 	 1 	 0 	 1 	 0 	 1 	 0 	 0 	 6 	 0 	
 14 	 0 	 0 	 10 	 11 	 0 	 0 	 0 	 1 	 6 	 1 	

 15 	 0 	 0 	 9 	 1 	 0 	 1 	 8 	 0 	 0 	 1 	
 15 	 0 	 0 	 0 	 1 	 0 	 2 	 0 	 1 	 12 	 0 	
 15 	 1 	 1 	 0 	 0 	 0 	 0 	 1 	 0 	 3 	 1 	
 15 	 0 	 0 	 0 	 0 	 24 	 0 	 1 	 0 	 1 	 0 	
 15 	 0 	 0 	 11 	 1 	 0 	 0 	 0 	 0 	 0 	 1 	
 15 	 0 	 1 	 0 	 32 	 1 	 1 	 0 	 1 	 0 	 0 	
 15 	 0 	 0 	 4 	 0 	 3 	 0 	 1 	 0 	 0 	 1 	
 15 	 0 	 1 	 0 	 1 	 0 	 1 	 0 	 1 	 2 	 1 	
 15 	 45 	 1 	 0 	 4 	 1 	 7 	 0 	 0 	 0 	 0 	
 15 	 0 	 0 	 1 	 0 	 0 	 0 	 9 	 0 	 1 	 22 	
 15 	 1 	 1 	 6 	 1 	 0 	 0 	 0 	 0 	 0 	 1 	
 15 	 0 	 0 	 6 	 11 	 0 	 10 	 0 	 1 	 1 	 0 	

 16 	 0 	 1 	 0 	 0 	 8 	 1 	 1 	 9 	 0 	 0 	
 16 	 0 	 1 	 1 	 12 	 0 	 0 	 2 	 0 	 0 	 0 	
 16 	 0 	 0 	 0 	 3 	 1 	 1 	 0 	 0 	 1 	 1 	
 16 	 24 	 0 	 0 	 1 	 1 	 0 	 0 	 0 	 0 	 0 	
 16 	 0 	 1 	 0 	 0 	 0 	 1 	 0 	 11 	 0 	 0 	
 16 	 1 	 32 	 1 	 0 	 0 	 0 	 1 	 0 	 0 	 1 	
 16 	 3 	 0 	 0 	 0 	 1 	 1 	 0 	 4 	 0 	 0 	
 16 	 0 	 1 	 1 	 2 	 0 	 1 	 1 	 0 	 0 	 1 	
 16 	 1 	 4 	 0 	 0 	 0 	 0 	 7 	 0 	 45 	 1 	
 16 	 0 	 0 	 0 	 1 	 9 	 22 	 0 	 1 	 0 	 0 	
 16 	 0 	 1 	 0 	 0 	 0 	 1 	 0 	 6 	 1 	 1 	
 16 	 0 	 11 	 1 	 1 	 0 	 0 	 10 	 6 	 0 	 0 	

 17 	 8 	 1 	 1 	 1 	 0 	 0 	 0 	 0 	 9 	 0 	
 17 	 0 	 1 	 2 	 0 	 0 	 0 	 1 	 12 	 0 	 0 	
 17 	 1 	 0 	 0 	 1 	 1 	 1 	 0 	 3 	 0 	 0 	
 17 	 1 	 0 	 0 	 0 	 0 	 0 	 0 	 1 	 0 	 24 	
 17 	 0 	 1 	 0 	 1 	 0 	 0 	 0 	 0 	 11 	 0 	
 17 	 0 	 32 	 1 	 0 	 0 	 1 	 1 	 0 	 0 	 1 	
 17 	 1 	 0 	 0 	 1 	 0 	 0 	 0 	 0 	 4 	 3 	
 17 	 0 	 1 	 1 	 1 	 0 	 1 	 1 	 2 	 0 	 0 	
 17 	 0 	 4 	 7 	 0 	 45 	 1 	 0 	 0 	 0 	 1 	
 17 	 9 	 0 	 0 	 22 	 0 	 0 	 0 	 1 	 1 	 0 	
 17 	 0 	 1 	 0 	 1 	 1 	 1 	 0 	 0 	 6 	 0 	
 17 	 0 	 11 	 10 	 0 	 0 	 0 	 1 	 1 	 6 	 0 	

 18 	 0 	 0 	 1 	 0 	 1 	 0 	 0 	 9 	 8 	 1 	
 18 	 12 	 0 	 0 	 0 	 1 	 0 	 1 	 0 	 0 	 2 	
 18 	 3 	 1 	 1 	 0 	 0 	 1 	 0 	 0 	 1 	 0 	
 18 	 1 	 0 	 0 	 24 	 0 	 0 	 0 	 0 	 1 	 0 	
 18 	 0 	 0 	 1 	 0 	 1 	 0 	 0 	 11 	 0 	 0 	
 18 	 0 	 0 	 0 	 1 	 32 	 1 	 1 	 0 	 0 	 1 	
 18 	 0 	 0 	 1 	 3 	 0 	 0 	 0 	 4 	 1 	 0 	
 18 	 2 	 0 	 1 	 0 	 1 	 1 	 1 	 0 	 0 	 1 	
 18 	 0 	 45 	 0 	 1 	 4 	 1 	 0 	 0 	 0 	 7 	
 18 	 1 	 0 	 22 	 0 	 0 	 0 	 0 	 1 	 9 	 0 	
 18 	 0 	 1 	 1 	 0 	 1 	 1 	 0 	 6 	 0 	 0 	
 18 	 1 	 0 	 0 	 0 	 11 	 0 	 1 	 6 	 0 	 10 	

 19 	 9 	 0 	 0 	 0 	 1 	 8 	 1 	 0 	 1 	 0 	
 19 	 0 	 1 	 12 	 0 	 2 	 0 	 0 	 0 	 1 	 0 	
 19 	 0 	 0 	 3 	 1 	 0 	 1 	 1 	 1 	 0 	 0 	
 19 	 0 	 0 	 1 	 0 	 0 	 1 	 0 	 0 	 0 	 24 	
 19 	 11 	 0 	 0 	 0 	 0 	 0 	 1 	 0 	 1 	 0 	
 19 	 0 	 1 	 0 	 1 	 1 	 0 	 0 	 0 	 32 	 1 	
 19 	 4 	 0 	 0 	 0 	 0 	 1 	 1 	 0 	 0 	 3 	
 19 	 0 	 1 	 2 	 1 	 1 	 0 	 1 	 0 	 1 	 0 	
 19 	 0 	 0 	 0 	 1 	 7 	 0 	 0 	 45 	 4 	 1 	
 19 	 1 	 0 	 1 	 0 	 0 	 9 	 22 	 0 	 0 	 0 	
 19 	 6 	 0 	 0 	 1 	 0 	 0 	 1 	 1 	 1 	 0 	
 19 	 6 	 1 	 1 	 0 	 10 	 0 	 0 	 0 	 11 	 0 	

 20 	 0 	 1 	 1 	 1 	 8 	 0 	 0 	 0 	 9 	 0 	
 20 	 0 	 0 	 2 	 1 	 0 	 0 	 0 	 1 	 0 	 12 	
 20 	 1 	 1 	 0 	 0 	 1 	 1 	 0 	 0 	 0 	 3 	
 20 	 0 	 0 	 0 	 0 	 1 	 0 	 24 	 0 	 0 	 1 	
 20 	 0 	 1 	 0 	 1 	 0 	 0 	 0 	 0 	 11 	 0 	
 20 	 1 	 0 	 1 	 32 	 0 	 0 	 1 	 1 	 0 	 0 	
 20 	 0 	 1 	 0 	 0 	 1 	 0 	 3 	 0 	 4 	 0 	
 20 	 1 	 1 	 1 	 1 	 0 	 0 	 0 	 1 	 0 	 2 	
 20 	 1 	 0 	 7 	 4 	 0 	 45 	 1 	 0 	 0 	 0 	
 20 	 0 	 22 	 0 	 0 	 9 	 0 	 0 	 0 	 1 	 1 	
 20 	 1 	 1 	 0 	 1 	 0 	 1 	 0 	 0 	 6 	 0 	
 20 	 0 	 0 	 10 	 11 	 0 	 0 	 0 	 1 	 6 	 1 	

 21 	 0 	 0 	 9 	 1 	 0 	 1 	 8 	 0 	 0 	 1 	
 21 	 0 	 0 	 0 	 1 	 0 	 2 	 0 	 1 	 12 	 0 	
 21 	 1 	 1 	 0 	 0 	 0 	 0 	 1 	 0 	 3 	 1 	
 21 	 0 	 0 	 0 	 0 	 24 	 0 	 1 	 0 	 1 	 0 	
 21 	 0 	 0 	 11 	 1 	 0 	 0 	 0 	 0 	 0 	 1 	
 21 	 0 	 1 	 0 	 32 	 1 	 1 	 0 	 1 	 0 	 0 	
 21 	 0 	 0 	 4 	 0 	 3 	 0 	 1 	 0 	 0 	 1 	
 21 	 0 	 1 	 0 	 1 	 0 	 1 	 0 	 1 	 2 	 1 	
 21 	 45 	 1 	 0 	 4 	 1 	 7 	 0 	 0 	 0 	 0 	
 21 	 0 	 0 	 1 	 0 	 0 	 0 	 9 	 0 	 1 	 22 	
 21 	 1 	 1 	 6 	 1 	 0 	 0 	 0 	 0 	 0 	 1 	
 21 	 0 	 0 	 6 	 11 	 0 	 10 	 0 	 1 	 1 	 0 	

 22 	 0 	 1 	 0 	 0 	 8 	 1 	 1 	 9 	 0 	 0 	
 22 	 0 	 1 	 1 	 12 	 0 	 0 	 2 	 0 	 0 	 0 	
 22 	 0 	 0 	 0 	 3 	 1 	 1 	 0 	 0 	 1 	 1 	
 22 	 24 	 0 	 0 	 1 	 1 	 0 	 0 	 0 	 0 	 0 	
 22 	 0 	 1 	 0 	 0 	 0 	 1 	 0 	 11 	 0 	 0 	
 22 	 1 	 32 	 1 	 0 	 0 	 0 	 1 	 0 	 0 	 1 	
 22 	 3 	 0 	 0 	 0 	 1 	 1 	 0 	 4 	 0 	 0 	
 22 	 0 	 1 	 1 	 2 	 0 	 1 	 1 	 0 	 0 	 1 	
 22 	 1 	 4 	 0 	 0 	 0 	 0 	 7 	 0 	 45 	 1 	
 22 	 0 	 0 	 0 	 1 	 9 	 22 	 0 	 1 	 0 	 0 	
 22 	 0 	 1 	 0 	 0 	 0 	 1 	 0 	 6 	 1 	 1 	
 22 	 0 	 11 	 1 	 1 	 0 	 0 	 10 	 6 	 0 	 0 	

 23 	 8 	 1 	 1 	 1 	 0 	 0 	 0 	 0 	 9 	 0 	
 23 	 0 	 1 	 2 	 0 	 0 	 0 	 1 	 12 	 0 	 0 	
 23 	 1 	 0 	 0 	 1 	 1 	 1 	 0 	 3 	 0 	 0 	
 23 	 1 	 0 	 0 	 0 	 0 	 0 	 0 	 1 	 0 	 24 	
 23 	 0 	 1 	 0 	 1 	 0 	 0 	 0 	 0 	 11 	 0 	
 23 	 0 	 32 	 1 	 0 	 0 	 1 	 1 	 0 	 0 	 1 	
 23 	 1 	 0 	 0 	 1 	 0 	 0 	 0 	 0 	 4 	 3 	
 23 	 0 	 1 	 1 	 1 	 0 	 1 	 1 	 2 	 0 	 0 	
 23 	 0 	 4 	 7 	 0 	 45 	 1 	 0 	 0 	 0 	 1 	
 23 	 9 	 0 	 0 	 22 	 0 	 0 	 0 	 1 	 1 	 0 	
 23 	 0 	 1 	 0 	 1 	 1 	 1 	 0 	 0 	 6 	 0 	
 23 	 0 	 11 	 10 	 0 	 0 	 0 	 1 	 1 	 6 	 0 	

 24 	 0 	 0 	 1 	 0 	 1 	 0 	 0 	 9 	 8 	 1 	
 24 	 12 	 0 	 0 	 0 	 1 	 0 	 1 	 0 	 0 	 2 	
 24 	 3 	 1 	 1 	 0 	 0 	 1 	 0 	 0 	 1 	 0 	
 24 	 1 	 0 	 0 	 24 	 0 	 0 	 0 	 0 	 1 	 0 	
 24 	 0 	 0 	 1 	 0 	 1 	 0 	 0 	 11 	 0 	 0 	
 24 	 0 	 0 	 0 	 1 	 32 	 1 	 1 	 0 	 0 	 1 	
 24 	 0 	 0 	 1 	 3 	 0 	 0 	 0 	 4 	 1 	 0 	
 24 	 2 	 0 	 1 	 0 	 1 	 1 	 1 	 0 	 0 	 1 	
 24 	 0 	 45 	 0 	 1 	 4 	 1 	 0 	 0 	 0 	 7 	
 24 	 1 	 0 	 22 	 0 	 0 	 0 	 0 	 1 	 9 	 0 	
 24 	 0 	 1 	 1 	 0 	 1 	 1 	 0 	 6 	 0 	 0 	
 24 	 1 	 0 	 0 	 0 	 11 	 0 	 1 	 6 	 0 	 10 	

 25 	 9 	 0 	 0 	 0 	 1 	 8 	 1 	 0 	 1 	 0 	
 25 	 0 	 1 	 12 	 0 	 2 	 0 	 0 	 0 	 1 	 0 	
 25 	 0 	 0 	 3 	 1 	 0 	 1 	 1 	 1 	 0 	 0 	
 25 	 0 	 0 	 1 	 0 	 0 	 1 	 0 	 0 	 0 	 24 	
 25 	 11 	 0 	 0 	 0 	 0 	 0 	 1 	 0 	 1 	 0 	
 25 	 0 	 1 	 0 	 1 	 1 	 0 	 0 	 0 	 32 	 1 	
 25 	 4 	 0 	 0 	 0 	 0 	 1 	 1 	 0 	 0 	 3 	
 25 	 0 	 1 	 2 	 1 	 1 	 0 	 1 	 0 	 1 	 0 	
 25 	 0 	 0 	 0 	 1 	 7 	 0 	 0 	 45 	 4 	 1 	
 25 	 1 	 0 	 1 	 0 	 0 	 9 	 22 	 0 	 0 	 0 	
 25 	 6 	 0 	 0 	 1 	 0 	 0 	 1 	 1 	 1 	 0 	
 25 	 6 	 1 	 1 	 0 	 10 	 0 	 0 	 0 	 11 	 0 	

 26 	 0 	 1 	 1 	 1 	 8 	 0 	 0 	 0 	 9 	 0 	
 26 	 0 	 0 	 2 	 1 	 0 	 0 	 0 	 1 	 0 	 12 	
 26 	 1 	 1 	 0 	 0 	 1 	 1 	 0 	 0 	 0 	 3 	
 26 	 0 	 0 	 0 	 0 	 1 	 0 	 24 	 0 	 0 	 1 	
 26 	 0 	 1 	 0 	 1 	 0 	 0 	 0 	 0 	 11 	 0 	
 26 	 1 	 0 	 1 	 32 	 0 	 0 	 1 	 1 	 0 	 0 	
 26 	 0 	 1 	 0 	 0 	 1 	 0 	 3 	 0 	 4 	 0 	
 26 	 1 	 1 	 1 	 1 	 0 	 0 	 0 	 1 	 0 	 2 	
 26 	 1 	 0 	 7 	 4 	 0 	 45 	 1 	 0 	 0 	 0 	
 26 	 0 	 22 	 0 	 0 	 9 	 0 	 0 	 0 	 1 	 1 	
 26 	 1 	 1 	 0 	 1 	 0 	 1 	 0 	 0 	 6 	 0 	
 26 	 0 	 0 	 10 	 11 	 0 	 0 	 0 	 1 	 6 	 1 	

 27 	 0 	 0 	 9 	 1 	 0 	 1 	 8 	 0 	 0 	 1 	
 27 	 0 	 0 	 0 	 1 	 0 	 2 	 0 	 1 	 12 	 0 	
 27 	 1 	 1 	 0 	 0 	 0 	 0 	 1 	 0 	 3 	 1 	
 27 	 0 	 0 	 0 	 0 	 24 	 0 	 1 	 0 	 1 	 0 	
 27 	 0 	 0 	 11 	 1 	 0 	 0 	 0 	 0 	 0 	 1 	
 27 	 0 	 1 	 0 	 32 	 1 	 1 	 0 	 1 	 0 	 0 	
 27 	 0 	 0 	 4 	 0 	 3 	 0 	 1 	 0 	 0 	 1 	
 27 	 0 	 1 	 0 	 1 	 0 	 1 	 0 	 1 	 2 	 1 	
 27 	 45 	 1 	 0 	 4 	 1 	 7 	 0 	 0 	 0 	 0 	
 27 	 0 	 0 	 1 	 0 	 0 	 0 	 9 	 0 	 1 	 22 	
 27 	 1 	 1 	 6 	 1 	 0 	 0 	 0 	 0 	 0 	 1 	
 27 	 0 	 0 	 6 	 11 	 0 	 10 	 0 	 1 	 1 	 0 	

 28 	 0 	 1 	 0 	 0 	 8 	 1 	 1 	 9 	 0 	 0 	
 28 	 0 	 1 	 1 	 12 	 0 	 0 	 2 	 0 	 0 	 0 	
 28 	 0 	 0 	 0 	 3 	 1 	 1 	 0 	 0 	 1 	 1 	
 28 	 24 	 0 	 0 	 1 	 1 	 0 	 0 	 0 	 0 	 0 	
 28 	 0 	 1 	 0 	 0 	 0 	 1 	 0 	 11 	 0 	 0 	
 28 	 1 	 32 	 1 	 0 	 0 	 0 	 1 	 0 	 0 	 1 	
 28 	 3 	 0 	 0 	 0 	 1 	 1 	 0 	 4 	 0 	 0 	
 28 	 0 	 1 	 1 	 2 	 0 	 1 	 1 	 0 	 0 	 1 	
 28 	 1 	 4 	 0 	 0 	 0 	 0 	 7 	 0 	 45 	 1 	
 28 	 0 	 0 	 0 	 1 	 9 	 22 	 0 	 1 	 0 	 0 	
 28 	 0 	 1 	 0 	 0 	 0 	 1 	 0 	 6 	 1 	 1 	
 28 	 0 	 11 	 1 	 1 	 0 	 0 	 10 	 6 	 0 	 0 	

 29 	 8 	 1 	 1 	 1 	 0 	 0 	 0 	 0 	 9 	 0 	
 29 	 0 	 1 	 2 	 0 	 0 	 0 	 1 	 12 	 0 	 0 	
 29 	 1 	 0 	 0 	 1 	 1 	 1 	 0 	 3 	 0 	 0 	
 29 	 1 	 0 	 0 	 0 	 0 	 0 	 0 	 1 	 0 	 24 	
 29 	 0 	 1 	 0 	 1 	 0 	 0 	 0 	 0 	 11 	 0 	
 29 	 0 	 32 	 1 	 0 	 0 	 1 	 1 	 0 	 0 	 1 	
 29 	 1 	 0 	 0 	 1 	 0 	 0 	 0 	 0 	 4 	 3 	
 29 	 0 	 1 	 1 	 1 	 0 	 1 	 1 	 2 	 0 	 0 	
 29 	 0 	 4 	 7 	 0 	 45 	 1 	 0 	 0 	 0 	 1 	
 29 	 9 	 0 	 0 	 22 	 0 	 0 	 0 	 1 	 1 	 0 	
 29 	 0 	 1 	 0 	 1 	 1 	 1 	 0 	 0 	 6 	 0 	
 29 	 0 	 11 	 10 	 0 	 0 	 0 	 1 	 1 	 6 	 0 	

 30 	 0 	 0 	 1 	 0 	 1 	 0 	 0 	 9 	 8 	 1 	
 30 	 12 	 0 	 0 	 0 	 1 	 0 	 1 	 0 	 0 	 2 	
 30 	 3 	 1 	 1 	 0 	 0 	 1 	 0 	 0 	 1 	 0 	
 30 	 1 	 0 	 0 	 24 	 0 	 0 	 0 	 0 	 1 	 0 	
 30 	 0 	 0 	 1 	 0 	 1 	 0 	 0 	 11 	 0 	 0 	
 30 	 0 	 0 	 0 	 1 	 32 	 1 	 1 	 0 	 0 	 1 	
 30 	 0 	 0 	 1 	 3 	 0 	 0 	 0 	 4 	 1 	 0 	
 30 	 2 	 0 	 1 	 0 	 1 	 1 	 1 	 0 	 0 	 1 	
 30 	 0 	 45 	 0 	 1 	 4 	 1 	 0 	 0 	 0 	 7 	
 30 	 1 	 0 	 22 	 0 	 0 	 0 	 0 	 1 	 9 	 0 	
 30 	 0 	 1 	 1 	 0 	 1 	 1 	 0 	 6 	 0 	 0 	
 30 	 1 	 0 	 0 	 0 	 11 	 0 	 1 	 6 	 0 	 10 	

 31 	 9 	 0 	 0 	 0 	 1 	 8 	 1 	 0 	 1 	 0 	
 31 	 0 	 1 	 12 	 0 	 2 	 0 	 0 	 0 	 1 	 0 	
 31 	 0 	 0 	 3 	 1 	 0 	 1 	 1 	 1 	 0 	 0 	
 31 	 0 	 0 	 1 	 0 	 0 	 1 	 0 	 0 	 0 	 24 	
 31 	 11 	 0 	 0 	 0 	 0 	 0 	 1 	 0 	 1 	 0 	
 31 	 0 	 1 	 0 	 1 	 1 	 0 	 0 	 0 	 32 	 1 	
 31 	 4 	 0 	 0 	 0 	 0 	 1 	 1 	 0 	 0 	 3 	
 31 	 0 	 1 	 2 	 1 	 1 	 0 	 1 	 0 	 1 	 0 	
 31 	 0 	 0 	 0 	 1 	 7 	 0 	 0 	 45 	 4 	 1 	
 31 	 1 	 0 	 1 	 0 	 0 	 9 	 22 	 0 	 0 	 0 	
 31 	 6 	 0 	 0 	 1 	 0 	 0 	 1 	 1 	 1 	 0 	
 31 	 6 	 1 	 1 	 0 	 10 	 0 	 0 	 0 	 11 	 0 	

 32 	 0 	 1 	 1 	 1 	 8 	 0 	 0 	 0 	 9 	 0 	
 32 	 0 	 0 	 2 	 1 	 0 	 0 	 0 	 1 	 0 	 12 	
 32 	 1 	 1 	 0 	 0 	 1 	 1 	 0 	 0 	 0 	 3 	
 32 	 0 	 0 	 0 	 0 	 1 	 0 	 24 	 0 	 0 	 1 	
 32 	 0 	 1 	 0 	 1 	 0 	 0 	 0 	 0 	 11 	 0 	
 32 	 1 	 0 	 1 	 32 	 0 	 0 	 1 	 1 	 0 	 0 	
 32 	 0 	 1 	 0 	 0 	 1 	 0 	 3 	 0 	 4 	 0 	
 32 	 1 	 1 	 1 	 1 	 0 	 0 	 0 	 1 	 0 	 2 	
 32 	 1 	 0 	 7 	 4 	 0 	 45 	 1 	 0 	 0 	 0 	
 32 	 0 	 22 	 0 	 0 	 9 	 0 	 0 	 0 	 1 	 1 	
 32 	 1 	 1 	 0 	 1 	 0 	 1 	 0 	 0 	 6 	 0 	
 32 	 0 	 0 	 10 	 11 	 0 	 0 	 0 	 1 	 6 	 1 	

 33 	 0 	 0 	 9 	 1 	 0 	 1 	 8 	 0 	 0 	 1 	
 33 	 0 	 0 	 0 	 1 	 0 	 2 	 0 	 1 	 12 	 0 	
 33 	 1 	 1 	 0 	 0 	 0 	 0 	 1 	 0 	 3 	 1 	
 33 	 0 	 0 	 0 	 0 	 24 	 0 	 1 	 0 	 1 	 0 	
 33 	 0 	 0 	 11 	 1 	 0 	 0 	 0 	 0 	 0 	 1 	
 33 	 0 	 1 	 0 	 32 	 1 	 1 	 0 	 1 	 0 	 0 	
 33 	 0 	 0 	 4 	 0 	 3 	 0 	 1 	 0 	 0 	 1 	
 33 	 0 	 1 	 0 	 1 	 0 	 1 	 0 	 1 	 2 	 1 	
 33 	 45 	 1 	 0 	 4 	 1 	 7 	 0 	 0 	 0 	 0 	
 33 	 0 	 0 	 1 	 0 	 0 	 0 	 9 	 0 	 1 	 22 	
 33 	 1 	 1 	 6 	 1 	 0 	 0 	 0 	 0 	 0 	 1 	
 33 	 0 	 0 	 6 	 11 	 0 	 10 	 0 	 1 	 1 	 0 	

 34 	 0 	 1 	 0 	 0 	 8 	 1 	 1 	 9 	 0 	 0 	
 34 	 0 	 1 	 1 	 12 	 0 	 0 	 2 	 0 	 0 	 0 	
 34 	 0 	 0 	 0 	 3 	 1 	 1 	 0 	 0 	 1 	 1 	
 34 	 24 	 0 	 0 	 1 	 1 	 0 	 0 	 0 	 0 	 0 	
 34 	 0 	 1 	 0 	 0 	 0 	 1 	 0 	 11 	 0 	 0 	
 34 	 1 	 32 	 1 	 0 	 0 	 0 	 1 	 0 	 0 	 1 	
 34 	 3 	 0 	 0 	 0 	 1 	 1 	 0 	 4 	 0 	 0 	
 34 	 0 	 1 	 1 	 2 	 0 	 1 	 1 	 0 	 0 	 1 	
 34 	 1 	 4 	 0 	 0 	 0 	 0 	 7 	 0 	 45 	 1 	
 34 	 0 	 0 	 0 	 1 	 9 	 22 	 0 	 1 	 0 	 0 	
 34 	 0 	 1 	 0 	 0 	 0 	 1 	 0 	 6 	 1 	 1 	
 34 	 0 	 11 	 1 	 1 	 0 	 0 	 10 	 6 	 0 	 0 	

 35 	 8 	 1 	 1 	 1 	 0 	 0 	 0 	 0 	 9 	 0 	
 35 	 0 	 1 	 2 	 0 	 0 	 0 	 1 	 12 	 0 	 0 	
 35 	 1 	 0 	 0 	 1 	 1 	 1 	 0 	 3 	 0 	 0 	
 35 	 1 	 0 	 0 	 0 	 0 	 0 	 0 	 1 	 0 	 24 	
 35 	 0 	 1 	 0 	 1 	 0 	 0 	 0 	 0 	 11 	 0 	
 35 	 0 	 32 	 1 	 0 	 0 	 1 	 1 	 0 	 0 	 1 	
 35 	 1 	 0 	 0 	 1 	 0 	 0 	 0 	 0 	 4 	 3 	
 35 	 0 	 1 	 1 	 1 	 0 	 1 	 1 	 2 	 0 	 0 	
 35 	 0 	 4 	 7 	 0 	 45 	 1 	 0 	 0 	 0 	 1 	
 35 	 9 	 0 	 0 	 22 	 0 	 0 	 0 	 1 	 1 	 0 	
 35 	 0 	 1 	 0 	 1 	 1 	 1 	 0 	 0 	 6 	 0 	
 35 	 0 	 11 	 10 	 0 	 0 	 0 	 1 	 1 	 6 	 0 	

 36 	 0 	 0 	 1 	 0 	 1 	 0 	 0 	 9 	 8 	 1 	
 36 	 12 	 0 	 0 	 0 	 1 	 0 	 1 	 0 	 0 	 2 	
 36 	 3 	 1 	 1 	 0 	 0 	 1 	 0 	 0 	 1 	 0 	
 36 	 1 	 0 	 0 	 24 	 0 	 0 	 0 	 0 	 1 	 0 	
 36 	 0 	 0 	 1 	 0 	 1 	 0 	 0 	 11 	 0 	 0 	
 36 	 0 	 0 	 0 	 1 	 32 	 1 	 1 	 0 	 0 	 1 	
 36 	 0 	 0 	 1 	 3 	 0 	 0 	 0 	 4 	 1 	 0 	
 36 	 2 	 0 	 1 	 0 	 1 	 1 	 1 	 0 	 0 	 1 	
 36 	 0 	 45 	 0 	 1 	 4 	 1 	 0 	 0 	 0 	 7 	
 36 	 1 	 0 	 22 	 0 	 0 	 0 	 0 	 1 	 9 	 0 	
 36 	 0 	 1 	 1 	 0 	 1 	 1 	 0 	 6 	 0 	 0 	
 36 	 1 	 0 	 0 	 0 	 11 	 0 	 1 	 6 	 0 	 10 	

 37 	 9 	 0 	 0 	 0 	 1 	 8 	 1 	 0 	 1 	 0 	
 37 	 0 	 1 	 12 	 0 	 2 	 0 	 0 	 0 	 1 	 0 	
 37 	 0 	 0 	 3 	 1 	 0 	 1 	 1 	 1 	 0 	 0 	
 37 	 0 	 0 	 1 	 0 	 0 	 1 	 0 	 0 	 0 	 24 	
 37 	 11 	 0 	 0 	 0 	 0 	 0 	 1 	 0 	 1 	 0 	
 37 	 0 	 1 	 0 	 1 	 1 	 0 	 0 	 0 	 32 	 1 	
 37 	 4 	 0 	 0 	 0 	 0 	 1 	 1 	 0 	 0 	 3 	
 37 	 0 	 1 	 2 	 1 	 1 	 0 	 1 	 0 	 1 	 0 	
 37 	 0 	 0 	 0 	 1 	 7 	 0 	 0 	 45 	 4 	 1 	
 37 	 1 	 0 	 1 	 0 	 0 	 9 	 22 	 0 	 0 	 0 	
 37 	 6 	 0 	 0 	 1 	 0 	 0 	 1 	 1 	 1 	 0 	
 37 	 6 	 1 	 1 	 0 	 10 	 0 	 0 	 0 	 11 	 0 	

 38 	 0 	 1 	 1 	 1 	 8 	 0 	 0 	 0 	 9 	 0 	
 38 	 0 	 0 	 2 	 1 	 0 	 0 	 0 	 1 	 0 	 12 	
 38 	 1 	 1 	 0 	 0 	 1 	 1 	 0 	 0 	 0 	 3 	
 38 	 0 	 0 	 0 	 0 	 1 	 0 	 24 	 0 	 0 	 1 	
 38 	 0 	 1 	 0 	 1 	 0 	 0 	 0 	 0 	 11 	 0 	
 38 	 1 	 0 	 1 	 32 	 0 	 0 	 1 	 1 	 0 	 0 	
 38 	 0 	 1 	 0 	 0 	 1 	 0 	 3 	 0 	 4 	 0 	
 38 	 1 	 1 	 1 	 1 	 0 	 0 	 0 	 1 	 0 	 2 	
 38 	 1 	 0 	 7 	 4 	 0 	 45 	 1 	 0 	 0 	 0 	
 38 	 0 	 22 	 0 	 0 	 9 	 0 	 0 	 0 	 1 	 1 	
 38 	 1 	 1 	 0 	 1 	 0 	 1 	 0 	 0 	 6 	 0 	
 38 	 0 	 0 	 10 	 11 	 0 	 0 	 0 	 1 	 6 	 1 	

 39 	 0 	 0 	 9 	 1 	 0 	 1 	 8 	 0 	 0 	 1 	
 39 	 0 	 0 	 0 	 1 	 0 	 2 	 0 	 1 	 12 	 0 	
 39 	 1 	 1 	 0 	 0 	 0 	 0 	 1 	 0 	 3 	 1 	
 39 	 0 	 0 	 0 	 0 	 24 	 0 	 1 	 0 	 1 	 0 	
 39 	 0 	 0 	 11 	 1 	 0 	 0 	 0 	 0 	 0 	 1 	
 39 	 0 	 1 	 0 	 32 	 1 	 1 	 0 	 1 	 0 	 0 	
 39 	 0 	 0 	 4 	 0 	 3 	 0 	 1 	 0 	 0 	 1 	
 39 	 0 	 1 	 0 	 1 	 0 	 1 	 0 	 1 	 2 	 1 	
 39 	 45 	 1 	 0 	 4 	 1 	 7 	 0 	 0 	 0 	 0 	
 39 	 0 	 0 	 1 	 0 	 0 	 0 	 9 	 0 	 1 	 22 	
 39 	 1 	 1 	 6 	 1 	 0 	 0 	 0 	 0 	 0 	 1 	
 39 	 0 	 0 	 6 	 11 	 0 	 10 	 0 	 1 	 1 	 0 	

 40 	 0 	 1 	 0 	 0 	 8 	 1 	 1 	 9 	 0 	 0 	
 40 	 0 	 1 	 1 	 12 	 0 	 0 	 2 	 0 	 0 	 0 	
 40 	 0 	 0 	 0 	 3 	 1 	 1 	 0 	 0 	 1 	 1 	
 40 	 24 	 0 	 0 	 1 	 1 	 0 	 0 	 0 	 0 	 0 	
 40 	 0 	 1 	 0 	 0 	 0 	 1 	 0 	 11 	 0 	 0 	
 40 	 1 	 32 	 1 	 0 	 0 	 0 	 1 	 0 	 0 	 1 	
 40 	 3 	 0 	 0 	 0 	 1 	 1 	 0 	 4 	 0 	 0 	
 40 	 0 	 1 	 1 	 2 	 0 	 1 	 1 	 0 	 0 	 1 	
 40 	 1 	 4 	 0 	 0 	 0 	 0 	 7 	 0 	 45 	 1 	
 40 	 0 	 0 	 0 	 1 	 9 	 22 	 0 	 1 	 0 	 0 	
 40 	 0 	 1 	 0 	 0 	 0 	 1 	 0 	 6 	 1 	 1 	
 40 	 0 	 11 	 1 	 1 	 0 	 0 	 10 	 6 	 0 	 0 	

 41 	 8 	 1 	 1 	 1 	 0 	 0 	 0 	 0 	 9 	 0 	
 41 	 0 	 1 	 2 	 0 	 0 	 0 	 1 	 12 	 0 	 0 	
 41 	 1 	 0 	 0 	 1 	 1 	 1 	 0 	 3 	 0 	 0 	
 41 	 1 	 0 	 0 	 0 	 0 	 0 	 0 	 1 	 0 	 24 	
 41 	 0 	 1 	 0 	 1 	 0 	 0 	 0 	 0 	 11 	 0 	
 41 	 0 	 32 	 1 	 0 	 0 	 1 	 1 	 0 	 0 	 1 	
 41 	 1 	 0 	 0 	 1 	 0 	 0 	 0 	 0 	 4 	 3 	
 41 	 0 	 1 	 1 	 1 	 0 	 1 	 1 	 2 	 0 	 0 	
 41 	 0 	 4 	 7 	 0 	 45 	 1 	 0 	 0 	 0 	 1 	
 41 	 9 	 0 	 0 	 22 	 0 	 0 	 0 	 1 	 1 	 0 	
 41 	 0 	 1 	 0 	 1 	 1 	 1 	 0 	 0 	 6 	 0 	
 41 	 0 	 11 	 10 	 0 	 0 	 0 	 1 	 1 	 6 	 0 	

 42 	 0 	 0 	 1 	 0 	 1 	 0 	 0 	 9 	 8 	 1 	
 42 	 12 	 0 	 0 	 0 	 1 	 0 	 1 	 0 	 0 	 2 	
 42 	 3 	 1 	 1 	 0 	 0 	 1 	 0 	 0 	 1 	 0 	
 42 	 1 	 0 	 0 	 24 	 0 	 0 	 0 	 0 	 1 	 0 	
 42 	 0 	 0 	 1 	 0 	 1 	 0 	 0 	 11 	 0 	 0 	
 42 	 0 	 0 	 0 	 1 	 32 	 1 	 1 	 0 	 0 	 1 	
 42 	 0 	 0 	 1 	 3 	 0 	 0 	 0 	 4 	 1 	 0 	
 42 	 2 	 0 	 1 	 0 	 1 	 1 	 1 	 0 	 0 	 1 	
 42 	 0 	 45 	 0 	 1 	 4 	 1 	 0 	 0 	 0 	 7 	
 42 	 1 	 0 	 22 	 0 	 0 	 0 	 0 	 1 	 9 	 0 	
 42 	 0 	 1 	 1 	 0 	 1 	 1 	 0 	 6 	 0 	 0 	
 42 	 1 	 0 	 0 	 0 	 11 	 0 	 1 	 6 	 0 	 10 	

 43 	 9 	 0 	 0 	 0 	 1 	 8 	 1 	 0 	 1 	 0 	
 43 	 0 	 1 	 12 	 0 	 2 	 0 	 0 	 0 	 1 	 0 	
 43 	 0 	 0 	 3 	 1 	 0 	 1 	 1 	 1 	 0 	 0 	
 43 	 0 	 0 	 1 	 0 	 0 	 1 	 0 	 0 	 0 	 24 	
 43 	 11 	 0 	 0 	 0 	 0 	 0 	 1 	 0 	 1 	 0 	
 43 	 0 	 1 	 0 	 1 	 1 	 0 	 0 	 0 	 32 	 1 	
 43 	 4 	 0 	 0 	 0 	 0 	 1 	 1 	 0 	 0 	 3 	
 43 	 0 	 1 	 2 	 1 	 1 	 0 	 1 	 0 	 1 	 0 	
 43 	 0 	 0 	 0 	 1 	 7 	 0 	 0 	 45 	 4 	 1 	
 43 	 1 	 0 	 1 	 0 	 0 	 9 	 22 	 0 	 0 	 0 	
 43 	 6 	 0 	 0 	 1 	 0 	 0 	 1 	 1 	 1 	 0 	
 43 	 6 	 1 	 1 	 0 	 10 	 0 	 0 	 0 	 11 	 0 	

 44 	 0 	 1 	 1 	 1 	 8 	 0 	 0 	 0 	 9 	 0 	
 44 	 0 	 0 	 2 	 1 	 0 	 0 	 0 	 1 	 0 	 12 	
 44 	 1 	 1 	 0 	 0 	 1 	 1 	 0 	 0 	 0 	 3 	
 44 	 0 	 0 	 0 	 0 	 1 	 0 	 24 	 0 	 0 	 1 	
 44 	 0 	 1 	 0 	 1 	 0 	 0 	 0 	 0 	 11 	 0 	
 44 	 1 	 0 	 1 	 32 	 0 	 0 	 1 	 1 	 0 	 0 	
 44 	 0 	 1 	 0 	 0 	 1 	 0 	 3 	 0 	 4 	 0 	
 44 	 1 	 1 	 1 	 1 	 0 	 0 	 0 	 1 	 0 	 2 	
 44 	 1 	 0 	 7 	 4 	 0 	 45 	 1 	 0 	 0 	 0 	
 44 	 0 	 22 	 0 	 0 	 9 	 0 	 0 	 0 	 1 	 1 	
 44 	 1 	 1 	 0 	 1 	 0 	 1 	 0 	 0 	 6 	 0 	
 44 	 0 	 0 	 10 	 11 	 0 	 0 	 0 	 1 	 6 	 1 	

 45 	 0 	 0 	 9 	 1 	 0 	 1 	 8 	 0 	 0 	 1 	
 45 	 0 	 0 	 0 	 1 	 0 	 2 	 0 	 1 	 12 	 0 	
 45 	 1 	 1 	 0 	 0 	 0 	 0 	 1 	 0 	 3 	 1 	
 45 	 0 	 0 	 0 	 0 	 24 	 0 	 1 	 0 	 1 	 0 	
 45 	 0 	 0 	 11 	 1 	 0 	 0 	 0 	 0 	 0 	 1 	
 45 	 0 	 1 	 0 	 32 	 1 	 1 	 0 	 1 	 0 	 0 	
 45 	 0 	 0 	 4 	 0 	 3 	 0 	 1 	 0 	 0 	 1 	
 45 	 0 	 1 	 0 	 1 	 0 	 1 	 0 	 1 	 2 	 1 	
 45 	 45 	 1 	 0 	 4 	 1 	 7 	 0 	 0 	 0 	 0 	
 45 	 0 	 0 	 1 	 0 	 0 	 0 	 9 	 0 	 1 	 22 	
 45 	 1 	 1 	 6 	 1 	 0 	 0 	 0 	 0 	 0 	 1 	
 45 	 0 	 0 	 6 	 11 	 0 	 10 	 0 	 1 	 1 	 0 	

 46 	 0 	 1 	 0 	 0 	 8 	 1 	 1 	 9 	 0 	 0 	
 46 	 0 	 1 	 1 	 12 	 0 	 0 	 2 	 0 	 0 	 0 	
 46 	 0 	 0 	 0 	 3 	 1 	 1 	 0 	 0 	 1 	 1 	
 46 	 24 	 0 	 0 	 1 	 1 	 0 	 0 	 0 	 0 	 0 	
 46 	 0 	 1 	 0 	 0 	 0 	 1 	 0 	 11 	 0 	 0 	
 46 	 1 	 32 	 1 	 0 	 0 	 0 	 1 	 0 	 0 	 1 	
 46 	 3 	 0 	 0 	 0 	 1 	 1 	 0 	 4 	 0 	 0 	
 46 	 0 	 1 	 1 	 2 	 0 	 1 	 1 	 0 	 0 	 1 	
 46 	 1 	 4 	 0 	 0 	 0 	 0 	 7 	 0 	 45 	 1 	
 46 	 0 	 0 	 0 	 1 	 9 	 22 	 0 	 1 	 0 	 0 	
 46 	 0 	 1 	 0 	 0 	 0 	 1 	 0 	 6 	 1 	 1 	
 46 	 0 	 11 	 1 	 1 	 0 	 0 	 10 	 6 	 0 	 0 	

 47 	 8 	 1 	 1 	 1 	 0 	 0 	 0 	 0 	 9 	 0 	
 47 	 0 	 1 	 2 	 0 	 0 	 0 	 1 	 12 	 0 	 0 	
 47 	 1 	 0 	 0 	 1 	 1 	 1 	 0 	 3 	 0 	 0 	
 47 	 1 	 0 	 0 	 0 	 0 	 0 	 0 	 1 	 0 	 24 	
 47 	 0 	 1 	 0 	 1 	 0 	 0 	 0 	 0 	 11 	 0 	
 47 	 0 	 32 	 1 	 0 	 0 	 1 	 1 	 0 	 0 	 1 	
 47 	 1 	 0 	 0 	 1 	 0 	 0 	 0 	 0 	 4 	 3 	
 47 	 0 	 1 	 1 	 1 	 0 	 1 	 1 	 2 	 0 	 0 	
 47 	 0 	 4 	 7 	 0 	 45 	 1 	 0 	 0 	 0 	 1 	
 47 	 9 	 0 	 0 	 22 	 0 	 0 	 0 	 1 	 1 	 0 	
 47 	 0 	 1 	 0 	 1 	 1 	 1 	 0 	 0 	 6 	 0 	
 47 	 0 	 11 	 10 	 0 	 0 	 0 	 1 	 1 	 6 	 0 	

 48 	 0 	 0 	 1 	 0 	 1 	 0 	 0 	 9 	 8 	 1 	
 48 	 12 	 0 	 0 	 0 	 1 	 0 	 1 	 0 	 0 	 2 	
 48 	 3 	 1 	 1 	 0 	 0 	 1 	 0 	 0 	 1 	 0 	
 48 	 1 	 0 	 0 	 24 	 0 	 0 	 0 	 0 	 1 	 0 	
 48 	 0 	 0 	 1 	 0 	 1 	 0 	 0 	 11 	 0 	 0 	
 48 	 0 	 0 	 0 	 1 	 32 	 1 	 1 	 0 	 0 	 1 	
 48 	 0 	 0 	 1 	 3 	 0 	 0 	 0 	 4 	 1 	 0 	
 48 	 2 	 0 	 1 	 0 	 1 	 1 	 1 	 0 	 0 	 1 	
 48 	 0 	 45 	 0 	 1 	 4 	 1 	 0 	 0 	 0 	 7 	
 48 	 1 	 0 	 22 	 0 	 0 	 0 	 0 	 1 	 9 	 0 	
 48 	 0 	 1 	 1 	 0 	 1 	 1 	 0 	 6 	 0 	 0 	
 48 	 1 	 0 	 0 	 0 	 11 	 0 	 1 	 6 	 0 	 10 	

 49 	 9 	 0 	 0 	 0 	 1 	 8 	 1 	 0 	 1 	 0 	
 49 	 0 	 1 	 12 	 0 	 2 	 0 	 0 	 0 	 1 	 0 	
 49 	 0 	 0 	 3 	 1 	 0 	 1 	 1 	 1 	 0 	 0 	
 49 	 0 	 0 	 1 	 0 	 0 	 1 	 0 	 0 	 0 	 24 	
 49 	 11 	 0 	 0 	 0 	 0 	 0 	 1 	 0 	 1 	 0 	
 49 	 0 	 1 	 0 	 1 	 1 	 0 	 0 	 0 	 32 	 1 	
 49 	 4 	 0 	 0 	 0 	 0 	 1 	 1 	 0 	 0 	 3 	
 49 	 0 	 1 	 2 	 1 	 1 	 0 	 1 	 0 	 1 	 0 	
 49 	 0 	 0 	 0 	 1 	 7 	 0 	 0 	 45 	 4 	 1 	
 49 	 1 	 0 	 1 	 0 	 0 	 9 	 22 	 0 	 0 	 0 	
 49 	 6 	 0 	 0 	 1 	 0 	 0 	 1 	 1 	 1 	 0 	
 49 	 6 	 1 	 1 	 0 	 10 	 0 	 0 	 0 	 11 	 0 	

 50 	 0 	 1 	 1 	 1 	 8 	 0 	 0 	 0 	 9 	 0 	
 50 	 0 	 0 	 2 	 1 	 0 	 0 	 0 	 1 	 0 	 12 	
 50 	 1 	 1 	 0 	 0 	 1 	 1 	 0 	 0 	 0 	 3 	
 50 	 0 	 0 	 0 	 0 	 1 	 0 	 24 	 0 	 0 	 1 	
 50 	 0 	 1 	 0 	 1 	 0 	 0 	 0 	 0 	 11 	 0 	
 50 	 1 	 0 	 1 	 32 	 0 	 0 	 1 	 1 	 0 	 0 	
 50 	 0 	 1 	 0 	 0 	 1 	 0 	 3 	 0 	 4 	 0 	
 50 	 1 	 1 	 1 	 1 	 0 	 0 	 0 	 1 	 0 	 2 	
 50 	 1 	 0 	 7 	 4 	 0 	 45 	 1 	 0 	 0 	 0 	
 50 	 0 	 22 	 0 	 0 	 9 	 0 	 0 	 0 	 1 	 1 	
 50 	 1 	 1 	 0 	 1 	 0 	 1 	 0 	 0 	 6 	 0 	
 50 	 0 	 0 	 10 	 11 	 0 	 0 	 0 	 1 	 6 	 1 	

 51 	 0 	 0 	 9 	 1 	 0 	 1 	 8 	 0 	 0 	 1 	
 51 	 0 	 0 	 0 	 1 	 0 	 2 	 0 	 1 	 12 	 0 	
 51 	 1 	 1 	 0 	 0 	 0 	 0 	 1 	 0 	 3 	 1 	
 51 	 0 	 0 	 0 	 0 	 24 	 0 	 1 	 0 	 1 	 0 	
 51 	 0 	 0 	 11 	 1 	 0 	 0 	 0 	 0 	 0 	 1 	
 51 	 0 	 1 	 0 	 32 	 1 	 1 	 0 	 1 	 0 	 0 	
 51 	 0 	 0 	 4 	 0 	 3 	 0 	 1 	 0 	 0 	 1 	
 51 	 0 	 1 	 0 	 1 	 0 	 1 	 0 	 1 	 2 	 1 	
 51 	 45 	 1 	 0 	 4 	 1 	 7 	 0 	 0 	 0 	 0 	
 51 	 0 	 0 	 1 	 0 	 0 	 0 	 9 	 0 	 1 	 22 	
 51 	 1 	 1 	 6 	 1 	 0 	 0 	 0 	 0 	 0 	 1 	
 51 	 0 	 0 	 6 	 11 	 0 	 10 	 0 	 1 	 1 	 0 	

 52 	 0 	 1 	 0 	 0 	 8 	 1 	 1 	 9 	 0 	 0 	
 52 	 0 	 1 	 1 	 12 	 0 	 0 	 2 	 0 	 0 	 0 	
 52 	 0 	 0 	 0 	 3 	 1 	 1 	 0 	 0 	 1 	 1 	
 52 	 24 	 0 	 0 	 1 	 1 	 0 	 0 	 0 	 0 	 0 	
 52 	 0 	 1 	 0 	 0 	 0 	 1 	 0 	 11 	 0 	 0 	
 52 	 1 	 32 	 1 	 0 	 0 	 0 	 1 	 0 	 0 	 1 	
 52 	 3 	 0 	 0 	 0 	 1 	 1 	 0 	 4 	 0 	 0 	
 52 	 0 	 1 	 1 	 2 	 0 	 1 	 1 	 0 	 0 	 1 	
 52 	 1 	 4 	 0 	 0 	 0 	 0 	 7 	 0 	 45 	 1 	
 52 	 0 	 0 	 0 	 1 	 9 	 22 	 0 	 1 	 0 	 0 	
 52 	 0 	 1 	 0 	 0 	 0 	 1 	 0 	 6 	 1 	 1 	
 52 	 0 	 11 	 1 	 1 	 0 	 0 	 10 	 6 	 0 	 0 	

 53 	 8 	 1 	 1 	 1 	 0 	 0 	 0 	 0 	 9 	 0 	
 53 	 0 	 1 	 2 	 0 	 0 	 0 	 1 	 12 	 0 	 0 	
 53 	 1 	 0 	 0 	 1 	 1 	 1 	 0 	 3 	 0 	 0 	
 53 	 1 	 0 	 0 	 0 	 0 	 0 	 0 	 1 	 0 	 24 	
 53 	 0 	 1 	 0 	 1 	 0 	 0 	 0 	 0 	 11 	 0 	
 53 	 0 	 32 	 1 	 0 	 0 	 1 	 1 	 0 	 0 	 1 	
 53 	 1 	 0 	 0 	 1 	 0 	 0 	 0 	 0 	 4 	 3 	
 53 	 0 	 1 	 1 	 1 	 0 	 1 	 1 	 2 	 0 	 0 	
 53 	 0 	 4 	 7 	 0 	 45 	 1 	 0 	 0 	 0 	 1 	
 53 	 9 	 0 	 0 	 22 	 0 	 0 	 0 	 1 	 1 	 0 	
 53 	 0 	 1 	 0 	 1 	 1 	 1 	 0 	 0 	 6 	 0 	
 53 	 0 	 11 	 10 	 0 	 0 	 0 	 1 	 1 	 6 	 0 	

 54 	 0 	 0 	 1 	 0 	 1 	 0 	 0 	 9 	 8 	 1 	
 54 	 12 	 0 	 0 	 0 	 1 	 0 	 1 	 0 	 0 	 2 	
 54 	 3 	 1 	 1 	 0 	 0 	 1 	 0 	 0 	 1 	 0 	
 54 	 1 	 0 	 0 	 24 	 0 	 0 	 0 	 0 	 1 	 0 	
 54 	 0 	 0 	 1 	 0 	 1 	 0 	 0 	 11 	 0 	 0 	
 54 	 0 	 0 	 0 	 1 	 32 	 1 	 1 	 0 	 0 	 1 	
 54 	 0 	 0 	 1 	 3 	 0 	 0 	 0 	 4 	 1 	 0 	
 54 	 2 	 0 	 1 	 0 	 1 	 1 	 1 	 0 	 0 	 1 	
 54 	 0 	 45 	 0 	 1 	 4 	 1 	 0 	 0 	 0 	 7 	
 54 	 1 	 0 	 22 	 0 	 0 	 0 	 0 	 1 	 9 	 0 	
 54 	 0 	 1 	 1 	 0 	 1 	 1 	 0 	 6 	 0 	 0 	
 54 	 1 	 0 	 0 	 0 	 11 	 0 	 1 	 6 	 0 	 10 	

 55 	 9 	 0 	 0 	 0 	 1 	 8 	 1 	 0 	 1 	 0 	
 55 	 0 	 1 	 12 	 0 	 2 	 0 	 0 	 0 	 1 	 0 	
 55 	 0 	 0 	 3 	 1 	 0 	 1 	 1 	 1 	 0 	 0 	
 55 	 0 	 0 	 1 	 0 	 0 	 1 	 0 	 0 	 0 	 24 	
 55 	 11 	 0 	 0 	 0 	 0 	 0 	 1 	 0 	 1 	 0 	
 55 	 0 	 1 	 0 	 1 	 1 	 0 	 0 	 0 	 32 	 1 	
 55 	 4 	 0 	 0 	 0 	 0 	 1 	 1 	 0 	 0 	 3 	
 55 	 0 	 1 	 2 	 1 	 1 	 0 	 1 	 0 	 1 	 0 	
 55 	 0 	 0 	 0 	 1 	 7 	 0 	 0 	 45 	 4 	 1 	
 55 	 1 	 0 	 1 	 0 	 0 	 9 	 22 	 0 	 0 	 0 	
 55 	 6 	 0 	 0 	 1 	 0 	 0 	 1 	 1 	 1 	 0 	
 55 	 6 	 1 	 1 	 0 	 10 	 0 	 0 	 0 	 11 	 0 	

 56 	 0 	 1 	 1 	 1 	 8 	 0 	 0 	 0 	 9 	 0 	
 56 	 0 	 0 	 2 	 1 	 0 	 0 	 0 	 1 	 0 	 12 	
 56 	 1 	 1 	 0 	 0 	 1 	 1 	 0 	 0 	 0 	 3 	
 56 	 0 	 0 	 0 	 0 	 1 	 0 	 24 	 0 	 0 	 1 	
 56 	 0 	 1 	 0 	 1 	 0 	 0 	 0 	 0 	 11 	 0 	
 56 	 1 	 0 	 1 	 32 	 0 	 0 	 1 	 1 	 0 	 0 	
 56 	 0 	 1 	 0 	 0 	 1 	 0 	 3 	 0 	 4 	 0 	
 56 	 1 	 1 	 1 	 1 	 0 	 0 	 0 	 1 	 0 	 2 	
 56 	 1 	 0 	 7 	 4 	 0 	 45 	 1 	 0 	 0 	 0 	
 56 	 0 	 22 	 0 	 0 	 9 	 0 	 0 	 0 	 1 	 1 	
 56 	 1 	 1 	 0 	 1 	 0 	 1 	 0 	 0 	 6 	 0 	
 56 	 0 	 0 	 10 	 11 	 0 	 0 	 0 	 1 	 6 	 1 	

 57 	 0 	 0 	 9 	 1 	 0 	 1 	 8 	 0 	 0 	 1 	
 57 	 0 	 0 	 0 	 1 	 0 	 2 	 0 	 1 	 12 	 0 	
 57 	 1 	 1 	 0 	 0 	 0 	 0 	 1 	 0 	 3 	 1 	
 57 	 0 	 0 	 0 	 0 	 24 	 0 	 1 	 0 	 1 	 0 	
 57 	 0 	 0 	 11 	 1 	 0 	 0 	 0 	 0 	 0 	 1 	
 57 	 0 	 1 	 0 	 32 	 1 	 1 	 0 	 1 	 0 	 0 	
 57 	 0 	 0 	 4 	 0 	 3 	 0 	 1 	 0 	 0 	 1 	
 57 	 0 	 1 	 0 	 1 	 0 	 1 	 0 	 1 	 2 	 1 	
 57 	 45 	 1 	 0 	 4 	 1 	 7 	 0 	 0 	 0 	 0 	
 57 	 0 	 0 	 1 	 0 	 0 	 0 	 9 	 0 	 1 	 22 	
 57 	 1 	 1 	 6 	 1 	 0 	 0 	 0 	 0 	 0 	 1 	
 57 	 0 	 0 	 6 	 11 	 0 	 10 	 0 	 1 	 1 	 0 	

 58 	 0 	 1 	 0 	 0 	 8 	 1 	 1 	 9 	 0 	 0 	
 58 	 0 	 1 	 1 	 12 	 0 	 0 	 2 	 0 	 0 	 0 	
 58 	 0 	 0 	 0 	 3 	 1 	 1 	 0 	 0 	 1 	 1 	
 58 	 24 	 0 	 0 	 1 	 1 	 0 	 0 	 0 	 0 	 0 	
 58 	 0 	 1 	 0 	 0 	 0 	 1 	 0 	 11 	 0 	 0 	
 58 	 1 	 32 	 1 	 0 	 0 	 0 	 1 	 0 	 0 	 1 	
 58 	 3 	 0 	 0 	 0 	 1 	 1 	 0 	 4 	 0 	 0 	
 58 	 0 	 1 	 1 	 2 	 0 	 1 	 1 	 0 	 0 	 1 	
 58 	 1 	 4 	 0 	 0 	 0 	 0 	 7 	 0 	 45 	 1 	
 58 	 0 	 0 	 0 	 1 	 9 	 22 	 0 	 1 	 0 	 0 	
 58 	 0 	 1 	 0 	 0 	 0 	 1 	 0 	 6 	 1 	 1 	
 58 	 0 	 11 	 1 	 1 	 0 	 0 	 10 	 6 	 0 	 0 	

 59 	 8 	 1 	 1 	 1 	 0 	 0 	 0 	 0 	 9 	 0 	
 59 	 0 	 1 	 2 	 0 	 0 	 0 	 1 	 12 	 0 	 0 	
 59 	 1 	 0 	 0 	 1 	 1 	 1 	 0 	 3 	 0 	 0 	
 59 	 1 	 0 	 0 	 0 	 0 	 0 	 0 	 1 	 0 	 24 	
 59 	 0 	 1 	 0 	 1 	 0 	 0 	 0 	 0 	 11 	 0 	
 59 	 0 	 32 	 1 	 0 	 0 	 1 	 1 	 0 	 0 	 1 	
 59 	 1 	 0 	 0 	 1 	 0 	 0 	 0 	 0 	 4 	 3 	
 59 	 0 	 1 	 1 	 1 	 0 	 1 	 1 	 2 	 0 	 0 	
 59 	 0 	 4 	 7 	 0 	 45 	 1 	 0 	 0 	 0 	 1 	
 59 	 9 	 0 	 0 	 22 	 0 	 0 	 0 	 1 	 1 	 0 	
 59 	 0 	 1 	 0 	 1 	 1 	 1 	 0 	 0 	 6 	 0 	
 59 	 0 	 11 	 10 	 0 	 0 	 0 	 1 	 1 	 6 	 0 	

 60 	 0 	 0 	 1 	 0 	 1 	 0 	 0 	 9 	 8 	 1 	
 60 	 12 	 0 	 0 	 0 	 1 	 0 	 1 	 0 	 0 	 2 	
 60 	 3 	 1 	 1 	 0 	 0 	 1 	 0 	 0 	 1 	 0 	
 60 	 1 	 0 	 0 	 24 	 0 	 0 	 0 	 0 	 1 	 0 	
 60 	 0 	 0 	 1 	 0 	 1 	 0 	 0 	 11 	 0 	 0 	
 60 	 0 	 0 	 0 	 1 	 32 	 1 	 1 	 0 	 0 	 1 	
 60 	 0 	 0 	 1 	 3 	 0 	 0 	 0 	 4 	 1 	 0 	
 60 	 2 	 0 	 1 	 0 	 1 	 1 	 1 	 0 	 0 	 1 	
 60 	 0 	 45 	 0 	 1 	 4 	 1 	 0 	 0 	 0 	 7 	
 60 	 1 	 0 	 22 	 0 	 0 	 0 	 0 	 1 	 9 	 0 	
 60 	 0 	 1 	 1 	 0 	 1 	 1 	 0 	 6 	 0 	 0 	
 60 	 1 	 0 	 0 	 0 	 11 	 0 	 1 	 6 	 0 	 10 	

 61 	 9 	 0 	 0 	 0 	 1 	 8 	 1 	 0 	 1 	 0 	
 61 	 0 	 1 	 12 	 0 	 2 	 0 	 0 	 0 	 1 	 0 	
 61 	 0 	 0 	 3 	 1 	 0 	 1 	 1 	 1 	 0 	 0 	
 61 	 0 	 0 	 1 	 0 	 0 	 1 	 0 	 0 	 0 	 24 	
 61 	 11 	 0 	 0 	 0 	 0 	 0 	 1 	 0 	 1 	 0 	
 61 	 0 	 1 	 0 	 1 	 1 	 0 	 0 	 0 	 32 	 1 	
 61 	 4 	 0 	 0 	 0 	 0 	 1 	 1 	 0 	 0 	 3 	
 61 	 0 	 1 	 2 	 1 	 1 	 0 	 1 	 0 	 1 	 0 	
 61 	 0 	 0 	 0 	 1 	 7 	 0 	 0 	 45 	 4 	 1 	
 61 	 1 	 0 	 1 	 0 	 0 	 9 	 22 	 0 	 0 	 0 	
 61 	 6 	 0 	 0 	 1 	 0 	 0 	 1 	 1 	 1 	 0 	
 61 	 6 	 1 	 1 	 0 	 10 	 0 	 0 	 0 	 11 	 0 	

 62 	 0 	 1 	 1 	 1 	 8 	 0 	 0 	 0 	 9 	 0 	
 62 	 0 	 0 	 2 	 1 	 0 	 0 	 0 	 1 	 0 	 12 	
 62 	 1 	 1 	 0 	 0 	 1 	 1 	 0 	 0 	 0 	 3 	
 62 	 0 	 0 	 0 	 0 	 1 	 0 	 24 	 0 	 0 	 1 	
 62 	 0 	 1 	 0 	 1 	 0 	 0 	 0 	 0 	 11 	 0 	
 62 	 1 	 0 	 1 	 32 	 0 	 0 	 1 	 1 	 0 	 0 	
 62 	 0 	 1 	 0 	 0 	 1 	 0 	 3 	 0 	 4 	 0 	
 62 	 1 	 1 	 1 	 1 	 0 	 0 	 0 	 1 	 0 	 2 	
 62 	 1 	 0 	 7 	 4 	 0 	 45 	 1 	 0 	 0 	 0 	
 62 	 0 	 22 	 0 	 0 	 9 	 0 	 0 	 0 	 1 	 1 	
 62 	 1 	 1 	 0 	 1 	 0 	 1 	 0 	 0 	 6 	 0 	
 62 	 0 	 0 	 10 	 11 	 0 	 0 	 0 	 1 	 6 	 1 	

 63 	 0 	 0 	 9 	 1 	 0 	 1 	 8 	 0 	 0 	 1 	
 63 	 0 	 0 	 0 	 1 	 0 	 2 	 0 	 1 	 12 	 0 	
 63 	 1 	 1 	 0 	 0 	 0 	 0 	 1 	 0 	 3 	 1 	
 63 	 0 	 0 	 0 	 0 	 24 	 0 	 1 	 0 	 1 	 0 	
 63 	 0 	 0 	 11 	 1 	 0 	 0 	 0 	 0 	 0 	 1 	
 63 	 0 	 1 	 0 	 32 	 1 	 1 	 0 	 1 	 0 	 0 	
 63 	 0 	 0 	 4 	 0 	 3 	 0 	 1 	 0 	 0 	 1 	
 63 	 0 	 1 	 0 	 1 	 0 	 1 	 0 	 1 	 2 	 1 	
 63 	 45 	 1 	 0 	 4 	 1 	 7 	 0 	 0 	 0 	 0 	
 63 	 0 	 0 	 1 	 0 	 0 	 0 	 9 	 0 	 1 	 22 	
 63 	 1 	 1 	 6 	 1 	 0 	 0 	 0 	 0 	 0 	 1 	
 63 	 0 	 0 	 6 	 11 	 0 	 10 	 0 	 1 	 1 	 0 	

 64 	 0 	 1 	 0 	 0 	 8 	 1 	 1 	 9 	 0 	 0 	
 64 	 0 	 1 	 1 	 12 	 0 	 0 	 2 	 0 	 0 	 0 	
 64 	 0 	 0 	 0 	 3 	 1 	 1 	 0 	 0 	 1 	 1 	
 64 	 24 	 0 	 0 	 1 	 1 	 0 	 0 	 0 	 0 	 0 	
 64 	 0 	 1 	 0 	 0 	 0 	 1 	 0 	 11 	 0 	 0 	
 64 	 1 	 32 	 1 	 0 	 0 	 0 	 1 	 0 	 0 	 1 	
 64 	 3 	 0 	 0 	 0 	 1 	 1 	 0 	 4 	 0 	 0 	
 64 	 0 	 1 	 1 	 2 	 0 	 1 	 1 	 0 	 0 	 1 	
 64 	 1 	 4 	 0 	 0 	 0 	 0 	 7 	 0 	 45 	 1 	
 64 	 0 	 0 	 0 	 1 	 9 	 22 	 0 	 1 	 0 	 0 	
 64 	 0 	 1 	 0 	 0 	 0 	 1 	 0 	 6 	 1 	 1 	
 64 	 0 	 11 	 1 	 1 	 0 	 0 	 10 	 6 	 0 	 0 	

 65 	 8 	 1 	 1 	 1 	 0 	 0 	 0 	 0 	 9 	 0 	
 65 	 0 	 1 	 2 	 0 	 0 	 0 	 1 	 12 	 0 	 0 	
 65 	 1 	 0 	 0 	 1 	 1 	 1 	 0 	 3 	 0 	 0 	
 65 	 1 	 0 	 0 	 0 	 0 	 0 	 0 	 1 	 0 	 24 	
 65 	 0 	 1 	 0 	 1 	 0 	 0 	 0 	 0 	 11 	 0 	
 65 	 0 	 32 	 1 	 0 	 0 	 1 	 1 	 0 	 0 	 1 	
 65 	 1 	 0 	 0 	 1 	 0 	 0 	 0 	 0 	 4 	 3 	
 65 	 0 	 1 	 1 	 1 	 0 	 1 	 1 	 2 	 0 	 0 	
 65 	 0 	 4 	 7 	 0 	 45 	 1 	 0 	 0 	 0 	 1 	
 65 	 9 	 0 	 0 	 22 	 0 	 0 	 0 	 1 	 1 	 0 	
 65 	 0 	 1 	 0 	 1 	 1 	 1 	 0 	 0 	 6 	 0 	
 65 	 0 	 11 	 10 	 0 	 0 	 0 	 1 	 1 	 6 	 0 	

 66 	 0 	 0 	 1 	 0 	 1 	 0 	 0 	 9 	 8 	 1 	
 66 	 12 	 0 	 0 	 0 	 1 	 0 	 1 	 0 	 0 	 2 	
 66 	 3 	 1 	 1 	 0 	 0 	 1 	 0 	 0 	 1 	 0 	
 66 	 1 	 0 	 0 	 24 	 0 	 0 	 0 	 0 	 1 	 0 	
 66 	 0 	 0 	 1 	 0 	 1 	 0 	 0 	 11 	 0 	 0 	
 66 	 0 	 0 	 0 	 1 	 32 	 1 	 1 	 0 	 0 	 1 	
 66 	 0 	 0 	 1 	 3 	 0 	 0 	 0 	 4 	 1 	 0 	
 66 	 2 	 0 	 1 	 0 	 1 	 1 	 1 	 0 	 0 	 1 	
 66 	 0 	 45 	 0 	 1 	 4 	 1 	 0 	 0 	 0 	 7 	
 66 	 1 	 0 	 22 	 0 	 0 	 0 	 0 	 1 	 9 	 0 	
 66 	 0 	 1 	 1 	 0 	 1 	 1 	 0 	 6 	 0 	 0 	
 66 	 1 	 0 	 0 	 0 	 11 	 0 	 1 	 6 	 0 	 10 	

 67 	 9 	 0 	 0 	 0 	 1 	 8 	 1 	 0 	 1 	 0 	
 67 	 0 	 1 	 12 	 0 	 2 	 0 	 0 	 0 	 1 	 0 	
 67 	 0 	 0 	 3 	 1 	 0 	 1 	 1 	 1 	 0 	 0 	
 67 	 0 	 0 	 1 	 0 	 0 	 1 	 0 	 0 	 0 	 24 	
 67 	 11 	 0 	 0 	 0 	 0 	 0 	 1 	 0 	 1 	 0 	
 67 	 0 	 1 	 0 	 1 	 1 	 0 	 0 	 0 	 32 	 1 	
 67 	 4 	 0 	 0 	 0 	 0 	 1 	 1 	 0 	 0 	 3 	
 67 	 0 	 1 	 2 	 1 	 1 	 0 	 1 	 0 	 1 	 0 	
 67 	 0 	 0 	 0 	 1 	 7 	 0 	 0 	 45 	 4 	 1 	
 67 	 1 	 0 	 1 	 0 	 0 	 9 	 22 	 0 	 0 	 0 	
 67 	 6 	 0 	 0 	 1 	 0 	 0 	 1 	 1 	 1 	 0 	
 67 	 6 	 1 	 1 	 0 	 10 	 0 	 0 	 0 	 11 	 0 	

 68 	 0 	 1 	 1 	 1 	 8 	 0 	 0 	 0 	 9 	 0 	
 68 	 0 	 0 	 2 	 1 	 0 	 0 	 0 	 1 	 0 	 12 	
 68 	 1 	 1 	 0 	 0 	 1 	 1 	 0 	 0 	 0 	 3 	
 68 	 0 	 0 	 0 	 0 	 1 	 0 	 24 	 0 	 0 	 1 	
 68 	 0 	 1 	 0 	 1 	 0 	 0 	 0 	 0 	 11 	 0 	
 68 	 1 	 0 	 1 	 32 	 0 	 0 	 1 	 1 	 0 	 0 	
 68 	 0 	 1 	 0 	 0 	 1 	 0 	 3 	 0 	 4 	 0 	
 68 	 1 	 1 	 1 	 1 	 0 	 0 	 0 	 1 	 0 	 2 	
 68 	 1 	 0 	 7 	 4 	 0 	 45 	 1 	 0 	 0 	 0 	
 68 	 0 	 22 	 0 	 0 	 9 	 0 	 0 	 0 	 1 	 1 	
 68 	 1 	 1 	 0 	 1 	 0 	 1 	 0 	 0 	 6 	 0 	
 68 	 0 	 0 	 10 	 11 	 0 	 0 	 0 	 1 	 6 	 1 	

 69 	 0 	 0 	 9 	 1 	 0 	 1 	 8 	 0 	 0 	 1 	
 69 	 0 	 0 	 0 	 1 	 0 	 2 	 0 	 1 	 12 	 0 	
 69 	 1 	 1 	 0 	 0 	 0 	 0 	 1 	 0 	 3 	 1 	
 69 	 0 	 0 	 0 	 0 	 24 	 0 	 1 	 0 	 1 	 0 	
 69 	 0 	 0 	 11 	 1 	 0 	 0 	 0 	 0 	 0 	 1 	
 69 	 0 	 1 	 0 	 32 	 1 	 1 	 0 	 1 	 0 	 0 	
 69 	 0 	 0 	 4 	 0 	 3 	 0 	 1 	 0 	 0 	 1 	
 69 	 0 	 1 	 0 	 1 	 0 	 1 	 0 	 1 	 2 	 1 	
 69 	 45 	 1 	 0 	 4 	 1 	 7 	 0 	 0 	 0 	 0 	
 69 	 0 	 0 	 1 	 0 	 0 	 0 	 9 	 0 	 1 	 22 	
 69 	 1 	 1 	 6 	 1 	 0 	 0 	 0 	 0 	 0 	 1 	
 69 	 0 	 0 	 6 	 11 	 0 	 10 	 0 	 1 	 1 	 0 	

 70 	 0 	 1 	 0 	 0 	 8 	 1 	 1 	 9 	 0 	 0 	
 70 	 0 	 1 	 1 	 12 	 0 	 0 	 2 	 0 	 0 	 0 	
 70 	 0 	 0 	 0 	 3 	 1 	 1 	 0 	 0 	 1 	 1 	
 70 	 24 	 0 	 0 	 1 	 1 	 0 	 0 	 0 	 0 	 0 	
 70 	 0 	 1 	 0 	 0 	 0 	 1 	 0 	 11 	 0 	 0 	
 70 	 1 	 32 	 1 	 0 	 0 	 0 	 1 	 0 	 0 	 1 	
 70 	 3 	 0 	 0 	 0 	 1 	 1 	 0 	 4 	 0 	 0 	
 70 	 0 	 1 	 1 	 2 	 0 	 1 	 1 	 0 	 0 	 1 	
 70 	 1 	 4 	 0 	 0 	 0 	 0 	 7 	 0 	 45 	 1 	
 70 	 0 	 0 	 0 	 1 	 9 	 22 	 0 	 1 	 0 	 0 	
 70 	 0 	 1 	 0 	 0 	 0 	 1 	 0 	 6 	 1 	 1 	
 70 	 0 	 11 	 1 	 1 	 0 	 0 	 10 	 6 	 0 	 0 	

 71 	 8 	 1 	 1 	 1 	 0 	 0 	 0 	 0 	 9 	 0 	
 71 	 0 	 1 	 2 	 0 	 0 	 0 	 1 	 12 	 0 	 0 	
 71 	 1 	 0 	 0 	 1 	 1 	 1 	 0 	 3 	 0 	 0 	
 71 	 1 	 0 	 0 	 0 	 0 	 0 	 0 	 1 	 0 	 24 	
 71 	 0 	 1 	 0 	 1 	 0 	 0 	 0 	 0 	 11 	 0 	
 71 	 0 	 32 	 1 	 0 	 0 	 1 	 1 	 0 	 0 	 1 	
 71 	 1 	 0 	 0 	 1 	 0 	 0 	 0 	 0 	 4 	 3 	
 71 	 0 	 1 	 1 	 1 	 0 	 1 	 1 	 2 	 0 	 0 	
 71 	 0 	 4 	 7 	 0 	 45 	 1 	 0 	 0 	 0 	 1 	
 71 	 9 	 0 	 0 	 22 	 0 	 0 	 0 	 1 	 1 	 0 	
 71 	 0 	 1 	 0 	 1 	 1 	 1 	 0 	 0 	 6 	 0 	
 71 	 0 	 11 	 10 	 0 	 0 	 0 	 1 	 1 	 6 	 0 	

 72 	 0 	 0 	 1 	 0 	 1 	 0 	 0 	 9 	 8 	 1 	
 72 	 12 	 0 	 0 	 0 	 1 	 0 	 1 	 0 	 0 	 2 	
 72 	 3 	 1 	 1 	 0 	 0 	 1 	 0 	 0 	 1 	 0 	
 72 	 1 	 0 	 0 	 24 	 0 	 0 	 0 	 0 	 1 	 0 	
 72 	 0 	 0 	 1 	 0 	 1 	 0 	 0 	 11 	 0 	 0 	
 72 	 0 	 0 	 0 	 1 	 32 	 1 	 1 	 0 	 0 	 1 	
 72 	 0 	 0 	 1 	 3 	 0 	 0 	 0 	 4 	 1 	 0 	
 72 	 2 	 0 	 1 	 0 	 1 	 1 	 1 	 0 	 0 	 1 	
 72 	 0 	 45 	 0 	 1 	 4 	 1 	 0 	 0 	 0 	 7 	
 72 	 1 	 0 	 22 	 0 	 0 	 0 	 0 	 1 	 9 	 0 	
 72 	 0 	 1 	 1 	 0 	 1 	 1 	 0 	 6 	 0 	 0 	
 72 	 1 	 0 	 0 	 0 	 11 	 0 	 1 	 6 	 0 	 10 	

 73 	 9 	 0 	 0 	 0 	 1 	 8 	 1 	 0 	 1 	 0 	
 73 	 0 	 1 	 12 	 0 	 2 	 0 	 0 	 0 	 1 	 0 	
 73 	 0 	 0 	 3 	 1 	 0 	 1 	 1 	 1 	 0 	 0 	
 73 	 0 	 0 	 1 	 0 	 0 	 1 	 0 	 0 	 0 	 24 	
 73 	 11 	 0 	 0 	 0 	 0 	 0 	 1 	 0 	 1 	 0 	
 73 	 0 	 1 	 0 	 1 	 1 	 0 	 0 	 0 	 32 	 1 	
 73 	 4 	 0 	 0 	 0 	 0 	 1 	 1 	 0 	 0 	 3 	
 73 	 0 	 1 	 2 	 1 	 1 	 0 	 1 	 0 	 1 	 0 	
 73 	 0 	 0 	 0 	 1 	 7 	 0 	 0 	 45 	 4 	 1 	
 73 	 1 	 0 	 1 	 0 	 0 	 9 	 22 	 0 	 0 	 0 	
 73 	 6 	 0 	 0 	 1 	 0 	 0 	 1 	 1 	 1 	 0 	
 73 	 6 	 1 	 1 	 0 	 10 	 0 	 0 	 0 	 11 	 0 	

 74 	 0 	 1 	 1 	 1 	 8 	 0 	 0 	 0 	 9 	 0 	
 74 	 0 	 0 	 2 	 1 	 0 	 0 	 0 	 1 	 0 	 12 	
 74 	 1 	 1 	 0 	 0 	 1 	 1 	 0 	 0 	 0 	 3 	
 74 	 0 	 0 	 0 	 0 	 1 	 0 	 24 	 0 	 0 	 1 	
 74 	 0 	 1 	 0 	 1 	 0 	 0 	 0 	 0 	 11 	 0 	
 74 	 1 	 0 	 1 	 32 	 0 	 0 	 1 	 1 	 0 	 0 	
 74 	 0 	 1 	 0 	 0 	 1 	 0 	 3 	 0 	 4 	 0 	
 74 	 1 	 1 	 1 	 1 	 0 	 0 	 0 	 1 	 0 	 2 	
 74 	 1 	 0 	 7 	 4 	 0 	 45 	 1 	 0 	 0 	 0 	
 74 	 0 	 22 	 0 	 0 	 9 	 0 	 0 	 0 	 1 	 1 	
 74 	 1 	 1 	 0 	 1 	 0 	 1 	 0 	 0 	 6 	 0 	
 74 	 0 	 0 	 10 	 11 	 0 	 0 	 0 	 1 	 6 	 1 	

 75 	 0 	 0 	 9 	 1 	 0 	 1 	 8 	 0 	 0 	 1 	
 75 	 0 	 0 	 0 	 1 	 0 	 2 	 0 	 1 	 12 	 0 	
 75 	 1 	 1 	 0 	 0 	 0 	 0 	 1 	 0 	 3 	 1 	
 75 	 0 	 0 	 0 	 0 	 24 	 0 	 1 	 0 	 1 	 0 	
 75 	 0 	 0 	 11 	 1 	 0 	 0 	 0 	 0 	 0 	 1 	
 75 	 0 	 1 	 0 	 32 	 1 	 1 	 0 	 1 	 0 	 0 	
 75 	 0 	 0 	 4 	 0 	 3 	 0 	 1 	 0 	 0 	 1 	
 75 	 0 	 1 	 0 	 1 	 0 	 1 	 0 	 1 	 2 	 1 	
 75 	 45 	 1 	 0 	 4 	 1 	 7 	 0 	 0 	 0 	 0 	
 75 	 0 	 0 	 1 	 0 	 0 	 0 	 9 	 0 	 1 	 22 	
 75 	 1 	 1 	 6 	 1 	 0 	 0 	 0 	 0 	 0 	 1 	
 75 	 0 	 0 	 6 	 11 	 0 	 10 	 0 	 1 	 1 	 0 	

 76 	 0 	 1 	 0 	 0 	 8 	 1 	 1 	 9 	 0 	 0 	
 76 	 0 	 1 	 1 	 12 	 0 	 0 	 2 	 0 	 0 	 0 	
 76 	 0 	 0 	 0 	 3 	 1 	 1 	 0 	 0 	 1 	 1 	
 76 	 24 	 0 	 0 	 1 	 1 	 0 	 0 	 0 	 0 	 0 	
 76 	 0 	 1 	 0 	 0 	 0 	 1 	 0 	 11 	 0 	 0 	
 76 	 1 	 32 	 1 	 0 	 0 	 0 	 1 	 0 	 0 	 1 	
 76 	 3 	 0 	 0 	 0 	 1 	 1 	 0 	 4 	 0 	 0 	
 76 	 0 	 1 	 1 	 2 	 0 	 1 	 1 	 0 	 0 	 1 	
 76 	 1 	 4 	 0 	 0 	 0 	 0 	 7 	 0 	 45 	 1 	
 76 	 0 	 0 	 0 	 1 	 9 	 22 	 0 	 1 	 0 	 0 	
 76 	 0 	 1 	 0 	 0 	 0 	 1 	 0 	 6 	 1 	 1 	
 76 	 0 	 11 	 1 	 1 	 0 	 0 	 10 	 6 	 0 	 0 	

 77 	 8 	 1 	 1 	 1 	 0 	 0 	 0 	 0 	 9 	 0 	
 77 	 0 	 1 	 2 	 0 	 0 	 0 	 1 	 12 	 0 	 0 	
 77 	 1 	 0 	 0 	 1 	 1 	 1 	 0 	 3 	 0 	 0 	
 77 	 1 	 0 	 0 	 0 	 0 	 0 	 0 	 1 	 0 	 24 	
 77 	 0 	 1 	 0 	 1 	 0 	 0 	 0 	 0 	 11 	 0 	
 77 	 0 	 32 	 1 	 0 	 0 	 1 	 1 	 0 	 0 	 1 	
 77 	 1 	 0 	 0 	 1 	 0 	 0 	 0 	 0 	 4 	 3 	
 77 	 0 	 1 	 1 	 1 	 0 	 1 	 1 	 2 	 0 	 0 	
 77 	 0 	 4 	 7 	 0 	 45 	 1 	 0 	 0 	 0 	 1 	
 77 	 9 	 0 	 0 	 22 	 0 	 0 	 0 	 1 	 1 	 0 	
 77 	 0 	 1 	 0 	 1 	 1 	 1 	 0 	 0 	 6 	 0 	
 77 	 0 	 11 	 10 	 0 	 0 	 0 	 1 	 1 	 6 	 0 	

 78 	 0 	 0 	 1 	 0 	 1 	 0 	 0 	 9 	 8 	 1 	
 78 	 12 	 0 	 0 	 0 	 1 	 0 	 1 	 0 	 0 	 2 	
 78 	 3 	 1 	 1 	 0 	 0 	 1 	 0 	 0 	 1 	 0 	
 78 	 1 	 0 	 0 	 24 	 0 	 0 	 0 	 0 	 1 	 0 	
 78 	 0 	 0 	 1 	 0 	 1 	 0 	 0 	 11 	 0 	 0 	
 78 	 0 	 0 	 0 	 1 	 32 	 1 	 1 	 0 	 0 	 1 	
 78 	 0 	 0 	 1 	 3 	 0 	 0 	 0 	 4 	 1 	 0 	
 78 	 2 	 0 	 1 	 0 	 1 	 1 	 1 	 0 	 0 	 1 	
 78 	 0 	 45 	 0 	 1 	 4 	 1 	 0 	 0 	 0 	 7 	
 78 	 1 	 0 	 22 	 0 	 0 	 0 	 0 	 1 	 9 	 0 	
 78 	 0 	 1 	 1 	 0 	 1 	 1 	 0 	 6 	 0 	 0 	
 78 	 1 	 0 	 0 	 0 	 11 	 0 	 1 	 6 	 0 	 10 	

 79 	 9 	 0 	 0 	 0 	 1 	 8 	 1 	 0 	 1 	 0 	
 79 	 0 	 1 	 12 	 0 	 2 	 0 	 0 	 0 	 1 	 0 	
 79 	 0 	 0 	 3 	 1 	 0 	 1 	 1 	 1 	 0 	 0 	
 79 	 0 	 0 	 1 	 0 	 0 	 1 	 0 	 0 	 0 	 24 	
 79 	 11 	 0 	 0 	 0 	 0 	 0 	 1 	 0 	 1 	 0 	
 79 	 0 	 1 	 0 	 1 	 1 	 0 	 0 	 0 	 32 	 1 	
 79 	 4 	 0 	 0 	 0 	 0 	 1 	 1 	 0 	 0 	 3 	
 79 	 0 	 1 	 2 	 1 	 1 	 0 	 1 	 0 	 1 	 0 	
 79 	 0 	 0 	 0 	 1 	 7 	 0 	 0 	 45 	 4 	 1 	
 79 	 1 	 0 	 1 	 0 	 0 	 9 	 22 	 0 	 0 	 0 	
 79 	 6 	 0 	 0 	 1 	 0 	 0 	 1 	 1 	 1 	 0 	
 79 	 6 	 1 	 1 	 0 	 10 	 0 	 0 	 0 	 11 	 0 	

 80 	 0 	 1 	 1 	 1 	 8 	 0 	 0 	 0 	 9 	 0 	
 80 	 0 	 0 	 2 	 1 	 0 	 0 	 0 	 1 	 0 	 12 	
 80 	 1 	 1 	 0 	 0 	 1 	 1 	 0 	 0 	 0 	 3 	
 80 	 0 	 0 	 0 	 0 	 1 	 0 	 24 	 0 	 0 	 1 	
 80 	 0 	 1 	 0 	 1 	 0 	 0 	 0 	 0 	 11 	 0 	
 80 	 1 	 0 	 1 	 32 	 0 	 0 	 1 	 1 	 0 	 0 	
 80 	 0 	 1 	 0 	 0 	 1 	 0 	 3 	 0 	 4 	 0 	
 80 	 1 	 1 	 1 	 1 	 0 	 0 	 0 	 1 	 0 	 2 	
 80 	 1 	 0 	 7 	 4 	 0 	 45 	 1 	 0 	 0 	 0 	
 80 	 0 	 22 	 0 	 0 	 9 	 0 	 0 	 0 	 1 	 1 	
 80 	 1 	 1 	 0 	 1 	 0 	 1 	 0 	 0 	 6 	 0 	
 80 	 0 	 0 	 10 	 11 	 0 	 0 	 0 	 1 	 6 	 1 	

 81 	 0 	 0 	 9 	 1 	 0 	 1 	 8 	 0 	 0 	 1 	
 81 	 0 	 0 	 0 	 1 	 0 	 2 	 0 	 1 	 12 	 0 	
 81 	 1 	 1 	 0 	 0 	 0 	 0 	 1 	 0 	 3 	 1 	
 81 	 0 	 0 	 0 	 0 	 24 	 0 	 1 	 0 	 1 	 0 	
 81 	 0 	 0 	 11 	 1 	 0 	 0 	 0 	 0 	 0 	 1 	
 81 	 0 	 1 	 0 	 32 	 1 	 1 	 0 	 1 	 0 	 0 	
 81 	 0 	 0 	 4 	 0 	 3 	 0 	 1 	 0 	 0 	 1 	
 81 	 0 	 1 	 0 	 1 	 0 	 1 	 0 	 1 	 2 	 1 	
 81 	 45 	 1 	 0 	 4 	 1 	 7 	 0 	 0 	 0 	 0 	
 81 	 0 	 0 	 1 	 0 	 0 	 0 	 9 	 0 	 1 	 22 	
 81 	 1 	 1 	 6 	 1 	 0 	 0 	 0 	 0 	 0 	 1 	
 81 	 0 	 0 	 6 	 11 	 0 	 10 	 0 	 1 	 1 	 0 	

 82 	 0 	 1 	 0 	 0 	 8 	 1 	 1 	 9 	 0 	 0 	
 82 	 0 	 1 	 1 	 12 	 0 	 0 	 2 	 0 	 0 	 0 	
 82 	 0 	 0 	 0 	 3 	 1 	 1 	 0 	 0 	 1 	 1 	
 82 	 24 	 0 	 0 	 1 	 1 	 0 	 0 	 0 	 0 	 0 	
 82 	 0 	 1 	 0 	 0 	 0 	 1 	 0 	 11 	 0 	 0 	
 82 	 1 	 32 	 1 	 0 	 0 	 0 	 1 	 0 	 0 	 1 	
 82 	 3 	 0 	 0 	 0 	 1 	 1 	 0 	 4 	 0 	 0 	
 82 	 0 	 1 	 1 	 2 	 0 	 1 	 1 	 0 	 0 	 1 	
 82 	 1 	 4 	 0 	 0 	 0 	 0 	 7 	 0 	 45 	 1 	
 82 	 0 	 0 	 0 	 1 	 9 	 22 	 0 	 1 	 0 	 0 	
 82 	 0 	 1 	 0 	 0 	 0 	 1 	 0 	 6 	 1 	 1 	
 82 	 0 	 11 	 1 	 1 	 0 	 0 	 10 	 6 	 0 	 0 	

 83 	 8 	 1 	 1 	 1 	 0 	 0 	 0 	 0 	 9 	 0 	
 83 	 0 	 1 	 2 	 0 	 0 	 0 	 1 	 12 	 0 	 0 	
 83 	 1 	 0 	 0 	 1 	 1 	 1 	 0 	 3 	 0 	 0 	
 83 	 1 	 0 	 0 	 0 	 0 	 0 	 0 	 1 	 0 	 24 	
 83 	 0 	 1 	 0 	 1 	 0 	 0 	 0 	 0 	 11 	 0 	
 83 	 0 	 32 	 1 	 0 	 0 	 1 	 1 	 0 	 0 	 1 	
 83 	 1 	 0 	 0 	 1 	 0 	 0 	 0 	 0 	 4 	 3 	
 83 	 0 	 1 	 1 	 1 	 0 	 1 	 1 	 2 	 0 	 0 	
 83 	 0 	 4 	 7 	 0 	 45 	 1 	 0 	 0 	 0 	 1 	
 83 	 9 	 0 	 0 	 22 	 0 	 0 	 0 	 1 	 1 	 0 	
 83 	 0 	 1 	 0 	 1 	 1 	 1 	 0 	 0 	 6 	 0 	
 83 	 0 	 11 	 10 	 0 	 0 	 0 	 1 	 1 	 6 	 0 	

 84 	 0 	 0 	 1 	 0 	 1 	 0 	 0 	 9 	 8 	 1 	
 84 	 12 	 0 	 0 	 0 	 1 	 0 	 1 	 0 	 0 	 2 	
 84 	 3 	 1 	 1 	 0 	 0 	 1 	 0 	 0 	 1 	 0 	
 84 	 1 	 0 	 0 	 24 	 0 	 0 	 0 	 0 	 1 	 0 	
 84 	 0 	 0 	 1 	 0 	 1 	 0 	 0 	 11 	 0 	 0 	
 84 	 0 	 0 	 0 	 1 	 32 	 1 	 1 	 0 	 0 	 1 	
 84 	 0 	 0 	 1 	 3 	 0 	 0 	 0 	 4 	 1 	 0 	
 84 	 2 	 0 	 1 	 0 	 1 	 1 	 1 	 0 	 0 	 1 	
 84 	 0 	 45 	 0 	 1 	 4 	 1 	 0 	 0 	 0 	 7 	
 84 	 1 	 0 	 22 	 0 	 0 	 0 	 0 	 1 	 9 	 0 	
 84 	 0 	 1 	 1 	 0 	 1 	 1 	 0 	 6 	 0 	 0 	
 84 	 1 	 0 	 0 	 0 	 11 	 0 	 1 	 6 	 0 	 10 	

 85 	 9 	 0 	 0 	 0 	 1 	 8 	 1 	 0 	 1 	 0 	
 85 	 0 	 1 	 12 	 0 	 2 	 0 	 0 	 0 	 1 	 0 	
 85 	 0 	 0 	 3 	 1 	 0 	 1 	 1 	 1 	 0 	 0 	
 85 	 0 	 0 	 1 	 0 	 0 	 1 	 0 	 0 	 0 	 24 	
 85 	 11 	 0 	 0 	 0 	 0 	 0 	 1 	 0 	 1 	 0 	
 85 	 0 	 1 	 0 	 1 	 1 	 0 	 0 	 0 	 32 	 1 	
 85 	 4 	 0 	 0 	 0 	 0 	 1 	 1 	 0 	 0 	 3 	
 85 	 0 	 1 	 2 	 1 	 1 	 0 	 1 	 0 	 1 	 0 	
 85 	 0 	 0 	 0 	 1 	 7 	 0 	 0 	 45 	 4 	 1 	
 85 	 1 	 0 	 1 	 0 	 0 	 9 	 22 	 0 	 0 	 0 	
 85 	 6 	 0 	 0 	 1 	 0 	 0 	 1 	 1 	 1 	 0 	
 85 	 6 	 1 	 1 	 0 	 10 	 0 	 0 	 0 	 11 	 0 	

 86 	 0 	 1 	 1 	 1 	 8 	 0 	 0 	 0 	 9 	 0 	
 86 	 0 	 0 	 2 	 1 	 0 	 0 	 0 	 1 	 0 	 12 	
 86 	 1 	 1 	 0 	 0 	 1 	 1 	 0 	 0 	 0 	 3 	
 86 	 0 	 0 	 0 	 0 	 1 	 0 	 24 	 0 	 0 	 1 	
 86 	 0 	 1 	 0 	 1 	 0 	 0 	 0 	 0 	 11 	 0 	
 86 	 1 	 0 	 1 	 32 	 0 	 0 	 1 	 1 	 0 	 0 	
 86 	 0 	 1 	 0 	 0 	 1 	 0 	 3 	 0 	 4 	 0 	
 86 	 1 	 1 	 1 	 1 	 0 	 0 	 0 	 1 	 0 	 2 	
 86 	 1 	 0 	 7 	 4 	 0 	 45 	 1 	 0 	 0 	 0 	
 86 	 0 	 22 	 0 	 0 	 9 	 0 	 0 	 0 	 1 	 1 	
 86 	 1 	 1 	 0 	 1 	 0 	 1 	 0 	 0 	 6 	 0 	
 86 	 0 	 0 	 10 	 11 	 0 	 0 	 0 	 1 	 6 	 1 	

 87 	 0 	 0 	 9 	 1 	 0 	 1 	 8 	 0 	 0 	 1 	
 87 	 0 	 0 	 0 	 1 	 0 	 2 	 0 	 1 	 12 	 0 	
 87 	 1 	 1 	 0 	 0 	 0 	 0 	 1 	 0 	 3 	 1 	
 87 	 0 	 0 	 0 	 0 	 24 	 0 	 1 	 0 	 1 	 0 	
 87 	 0 	 0 	 11 	 1 	 0 	 0 	 0 	 0 	 0 	 1 	
 87 	 0 	 1 	 0 	 32 	 1 	 1 	 0 	 1 	 0 	 0 	
 87 	 0 	 0 	 4 	 0 	 3 	 0 	 1 	 0 	 0 	 1 	
 87 	 0 	 1 	 0 	 1 	 0 	 1 	 0 	 1 	 2 	 1 	
 87 	 45 	 1 	 0 	 4 	 1 	 7 	 0 	 0 	 0 	 0 	
 87 	 0 	 0 	 1 	 0 	 0 	 0 	 9 	 0 	 1 	 22 	
 87 	 1 	 1 	 6 	 1 	 0 	 0 	 0 	 0 	 0 	 1 	
 87 	 0 	 0 	 6 	 11 	 0 	 10 	 0 	 1 	 1 	 0 	

 88 	 0 	 1 	 0 	 0 	 8 	 1 	 1 	 9 	 0 	 0 	
 88 	 0 	 1 	 1 	 12 	 0 	 0 	 2 	 0 	 0 	 0 	
 88 	 0 	 0 	 0 	 3 	 1 	 1 	 0 	 0 	 1 	 1 	
 88 	 24 	 0 	 0 	 1 	 1 	 0 	 0 	 0 	 0 	 0 	
 88 	 0 	 1 	 0 	 0 	 0 	 1 	 0 	 11 	 0 	 0 	
 88 	 1 	 32 	 1 	 0 	 0 	 0 	 1 	 0 	 0 	 1 	
 88 	 3 	 0 	 0 	 0 	 1 	 1 	 0 	 4 	 0 	 0 	
 88 	 0 	 1 	 1 	 2 	 0 	 1 	 1 	 0 	 0 	 1 	
 88 	 1 	 4 	 0 	 0 	 0 	 0 	 7 	 0 	 45 	 1 	
 88 	 0 	 0 	 0 	 1 	 9 	 22 	 0 	 1 	 0 	 0 	
 88 	 0 	 1 	 0 	 0 	 0 	 1 	 0 	 6 	 1 	 1 	
 88 	 0 	 11 	 1 	 1 	 0 	 0 	 10 	 6 	 0 	 0 	

 89 	 8 	 1 	 1 	 1 	 0 	 0 	 0 	 0 	 9 	 0 	
 89 	 0 	 1 	 2 	 0 	 0 	 0 	 1 	 12 	 0 	 0 	
 89 	 1 	 0 	 0 	 1 	 1 	 1 	 0 	 3 	 0 	 0 	
 89 	 1 	 0 	 0 	 0 	 0 	 0 	 0 	 1 	 0 	 24 	
 89 	 0 	 1 	 0 	 1 	 0 	 0 	 0 	 0 	 11 	 0 	
 89 	 0 	 32 	 1 	 0 	 0 	 1 	 1 	 0 	 0 	 1 	
 89 	 1 	 0 	 0 	 1 	 0 	 0 	 0 	 0 	 4 	 3 	
 89 	 0 	 1 	 1 	 1 	 0 	 1 	 1 	 2 	 0 	 0 	
 89 	 0 	 4 	 7 	 0 	 45 	 1 	 0 	 0 	 0 	 1 	
 89 	 9 	 0 	 0 	 22 	 0 	 0 	 0 	 1 	 1 	 0 	
 89 	 0 	 1 	 0 	 1 	 1 	 1 	 0 	 0 	 6 	 0 	
 89 	 0 	 11 	 10 	 0 	 0 	 0 	 1 	 1 	 6 	 0 	

 90 	 0 	 0 	 1 	 0 	 1 	 0 	 0 	 9 	 8 	 1 	
 90 	 12 	 0 	 0 	 0 	 1 	 0 	 1 	 0 	 0 	 2 	
 90 	 3 	 1 	 1 	 0 	 0 	 1 	 0 	 0 	 1 	 0 	
 90 	 1 	 0 	 0 	 24 	 0 	 0 	 0 	 0 	 1 	 0 	
 90 	 0 	 0 	 1 	 0 	 1 	 0 	 0 	 11 	 0 	 0 	
 90 	 0 	 0 	 0 	 1 	 32 	 1 	 1 	 0 	 0 	 1 	
 90 	 0 	 0 	 1 	 3 	 0 	 0 	 0 	 4 	 1 	 0 	
 90 	 2 	 0 	 1 	 0 	 1 	 1 	 1 	 0 	 0 	 1 	
 90 	 0 	 45 	 0 	 1 	 4 	 1 	 0 	 0 	 0 	 7 	
 90 	 1 	 0 	 22 	 0 	 0 	 0 	 0 	 1 	 9 	 0 	
 90 	 0 	 1 	 1 	 0 	 1 	 1 	 0 	 6 	 0 	 0 	
 90 	 1 	 0 	 0 	 0 	 11 	 0 	 1 	 6 	 0 	 10 	

 91 	 9 	 0 	 0 	 0 	 1 	 8 	 1 	 0 	 1 	 0 	
 91 	 0 	 1 	 12 	 0 	 2 	 0 	 0 	 0 	 1 	 0 	
 91 	 0 	 0 	 3 	 1 	 0 	 1 	 1 	 1 	 0 	 0 	
 91 	 0 	 0 	 1 	 0 	 0 	 1 	 0 	 0 	 0 	 24 	
 91 	 11 	 0 	 0 	 0 	 0 	 0 	 1 	 0 	 1 	 0 	
 91 	 0 	 1 	 0 	 1 	 1 	 0 	 0 	 0 	 32 	 1 	
 91 	 4 	 0 	 0 	 0 	 0 	 1 	 1 	 0 	 0 	 3 	
 91 	 0 	 1 	 2 	 1 	 1 	 0 	 1 	 0 	 1 	 0 	
 91 	 0 	 0 	 0 	 1 	 7 	 0 	 0 	 45 	 4 	 1 	
 91 	 1 	 0 	 1 	 0 	 0 	 9 	 22 	 0 	 0 	 0 	
 91 	 6 	 0 	 0 	 1 	 0 	 0 	 1 	 1 	 1 	 0 	
 91 	 6 	 1 	 1 	 0 	 10 	 0 	 0 	 0 	 11 	 0 	

 92 	 0 	 1 	 1 	 1 	 8 	 0 	 0 	 0 	 9 	 0 	
 92 	 0 	 0 	 2 	 1 	 0 	 0 	 0 	 1 	 0 	 12 	
 92 	 1 	 1 	 0 	 0 	 1 	 1 	 0 	 0 	 0 	 3 	
 92 	 0 	 0 	 0 	 0 	 1 	 0 	 24 	 0 	 0 	 1 	
 92 	 0 	 1 	 0 	 1 	 0 	 0 	 0 	 0 	 11 	 0 	
 92 	 1 	 0 	 1 	 32 	 0 	 0 	 1 	 1 	 0 	 0 	
 92 	 0 	 1 	 0 	 0 	 1 	 0 	 3 	 0 	 4 	 0 	
 92 	 1 	 1 	 1 	 1 	 0 	 0 	 0 	 1 	 0 	 2 	
 92 	 1 	 0 	 7 	 4 	 0 	 45 	 1 	 0 	 0 	 0 	
 92 	 0 	 22 	 0 	 0 	 9 	 0 	 0 	 0 	 1 	 1 	
 92 	 1 	 1 	 0 	 1 	 0 	 1 	 0 	 0 	 6 	 0 	
 92 	 0 	 0 	 10 	 11 	 0 	 0 	 0 	 1 	 6 	 1 	

 93 	 0 	 0 	 9 	 1 	 0 	 1 	 8 	 0 	 0 	 1 	
 93 	 0 	 0 	 0 	 1 	 0 	 2 	 0 	 1 	 12 	 0 	
 93 	 1 	 1 	 0 	 0 	 0 	 0 	 1 	 0 	 3 	 1 	
 93 	 0 	 0 	 0 	 0 	 24 	 0 	 1 	 0 	 1 	 0 	
 93 	 0 	 0 	 11 	 1 	 0 	 0 	 0 	 0 	 0 	 1 	
 93 	 0 	 1 	 0 	 32 	 1 	 1 	 0 	 1 	 0 	 0 	
 93 	 0 	 0 	 4 	 0 	 3 	 0 	 1 	 0 	 0 	 1 	
 93 	 0 	 1 	 0 	 1 	 0 	 1 	 0 	 1 	 2 	 1 	
 93 	 45 	 1 	 0 	 4 	 1 	 7 	 0 	 0 	 0 	 0 	
 93 	 0 	 0 	 1 	 0 	 0 	 0 	 9 	 0 	 1 	 22 	
 93 	 1 	 1 	 6 	 1 	 0 	 0 	 0 	 0 	 0 	 1 	
 93 	 0 	 0 	 6 	 11 	 0 	 10 	 0 	 1 	 1 	 0 	

 94 	 0 	 1 	 0 	 0 	 8 	 1 	 1 	 9 	 0 	 0 	
 94 	 0 	 1 	 1 	 12 	 0 	 0 	 2 	 0 	 0 	 0 	
 94 	 0 	 0 	 0 	 3 	 1 	 1 	 0 	 0 	 1 	 1 	
 94 	 24 	 0 	 0 	 1 	 1 	 0 	 0 	 0 	 0 	 0 	
 94 	 0 	 1 	 0 	 0 	 0 	 1 	 0 	 11 	 0 	 0 	
 94 	 1 	 32 	 1 	 0 	 0 	 0 	 1 	 0 	 0 	 1 	
 94 	 3 	 0 	 0 	 0 	 1 	 1 	 0 	 4 	 0 	 0 	
 94 	 0 	 1 	 1 	 2 	 0 	 1 	 1 	 0 	 0 	 1 	
 94 	 1 	 4 	 0 	 0 	 0 	 0 	 7 	 0 	 45 	 1 	
 94 	 0 	 0 	 0 	 1 	 9 	 22 	 0 	 1 	 0 	 0 	
 94 	 0 	 1 	 0 	 0 	 0 	 1 	 0 	 6 	 1 	 1 	
 94 	 0 	 11 	 1 	 1 	 0 	 0 	 10 	 6 	 0 	 0 	

 95 	 8 	 1 	 1 	 1 	 0 	 0 	 0 	 0 	 9 	 0 	
 95 	 0 	 1 	 2 	 0 	 0 	 0 	 1 	 12 	 0 	 0 	
 95 	 1 	 0 	 0 	 1 	 1 	 1 	 0 	 3 	 0 	 0 	
 95 	 1 	 0 	 0 	 0 	 0 	 0 	 0 	 1 	 0 	 24 	
 95 	 0 	 1 	 0 	 1 	 0 	 0 	 0 	 0 	 11 	 0 	
 95 	 0 	 32 	 1 	 0 	 0 	 1 	 1 	 0 	 0 	 1 	
 95 	 1 	 0 	 0 	 1 	 0 	 0 	 0 	 0 	 4 	 3 	
 95 	 0 	 1 	 1 	 1 	 0 	 1 	 1 	 2 	 0 	 0 	
 95 	 0 	 4 	 7 	 0 	 45 	 1 	 0 	 0 	 0 	 1 	
 95 	 9 	 0 	 0 	 22 	 0 	 0 	 0 	 1 	 1 	 0 	
 95 	 0 	 1 	 0 	 1 	 1 	 1 	 0 	 0 	 6 	 0 	
 95 	 0 	 11 	 10 	 0 	 0 	 0 	 1 	 1 	 6 	 0 	

 96 	 0 	 0 	 1 	 0 	 1 	 0 	 0 	 9 	 8 	 1 	
 96 	 12 	 0 	 0 	 0 	 1 	 0 	 1 	 0 	 0 	 2 	
 96 	 3 	 1 	 1 	 0 	 0 	 1 	 0 	 0 	 1 	 0 	
 96 	 1 	 0 	 0 	 24 	 0 	 0 	 0 	 0 	 1 	 0 	
 96 	 0 	 0 	 1 	 0 	 1 	 0 	 0 	 11 	 0 	 0 	
 96 	 0 	 0 	 0 	 1 	 32 	 1 	 1 	 0 	 0 	 1 	
 96 	 0 	 0 	 1 	 3 	 0 	 0 	 0 	 4 	 1 	 0 	
 96 	 2 	 0 	 1 	 0 	 1 	 1 	 1 	 0 	 0 	 1 	
 96 	 0 	 45 	 0 	 1 	 4 	 1 	 0 	 0 	 0 	 7 	
 96 	 1 	 0 	 22 	 0 	 0 	 0 	 0 	 1 	 9 	 0 	
 96 	 0 	 1 	 1 	 0 	 1 	 1 	 0 	 6 	 0 	 0 	
 96 	 1 	 0 	 0 	 0 	 11 	 0 	 1 	 6 	 0 	 10 	

 97 	 9 	 0 	 0 	 0 	 1 	 8 	 1 	 0 	 1 	 0 	
 97 	 0 	 1 	 12 	 0 	 2 	 0 	 0 	 0 	 1 	 0 	
 97 	 0 	 0 	 3 	 1 	 0 	 1 	 1 	 1 	 0 	 0 	
 97 	 0 	 0 	 1 	 0 	 0 	 1 	 0 	 0 	 0 	 24 	
 97 	 11 	 0 	 0 	 0 	 0 	 0 	 1 	 0 	 1 	 0 	
 97 	 0 	 1 	 0 	 1 	 1 	 0 	 0 	 0 	 32 	 1 	
 97 	 4 	 0 	 0 	 0 	 0 	 1 	 1 	 0 	 0 	 3 	
 97 	 0 	 1 	 2 	 1 	 1 	 0 	 1 	 0 	 1 	 0 	
 97 	 0 	 0 	 0 	 1 	 7 	 0 	 0 	 45 	 4 	 1 	
 97 	 1 	 0 	 1 	 0 	 0 	 9 	 22 	 0 	 0 	 0 	
 97 	 6 	 0 	 0 	 1 	 0 	 0 	 1 	 1 	 1 	 0 	
 97 	 6 	 1 	 1 	 0 	 10 	 0 	 0 	 0 	 11 	 0 	

 98 	 0 	 1 	 1 	 1 	 8 	 0 	 0 	 0 	 9 	 0 	
 98 	 0 	 0 	 2 	 1 	 0 	 0 	 0 	 1 	 0 	 12 	
 98 	 1 	 1 	 0 	 0 	 1 	 1 	 0 	 0 	 0 	 3 	
 98 	 0 	 0 	 0 	 0 	 1 	 0 	 24 	 0 	 0 	 1 	
 98 	 0 	 1 	 0 	 1 	 0 	 0 	 0 	 0 	 11 	 0 	
 98 	 1 	 0 	 1 	 32 	 0 	 0 	 1 	 1 	 0 	 0 	
 98 	 0 	 1 	 0 	 0 	 1 	 0 	 3 	 0 	 4 	 0 	
 98 	 1 	 1 	 1 	 1 	 0 	 0 	 0 	 1 	 0 	 2 	
 98 	 1 	 0 	 7 	 4 	 0 	 45 	 1 	 0 	 0 	 0 	
 98 	 0 	 22 	 0 	 0 	 9 	 0 	 0 	 0 	 1 	 1 	
 98 	 1 	 1 	 0 	 1 	 0 	 1 	 0 	 0 	 6 	 0 	
 98 	 0 	 0 	 10 	 11 	 0 	 0 	 0 	 1 	 6 	 1 	

 99 	 0 	 0 	 9 	 1 	 0 	 1 	 8 	 0 	 0 	 1 	
 99 	 0 	 0 	 0 	 1 	 0 	 2 	 0 	 1 	 12 	 0 	
 99 	 1 	 1 	 0 	 0 	 0 	 0 	 1 	 0 	 3 	 1 	
 99 	 0 	 0 	 0 	 0 	 24 	 0 	 1 	 0 	 1 	 0 	
 99 	 0 	 0 	 11 	 1 	 0 	 0 	 0 	 0 	 0 	 1 	
 99 	 0 	 1 	 0 	 32 	 1 	 1 	 0 	 1 	 0 	 0 	
 99 	 0 	 0 	 4 	 0 	 3 	 0 	 1 	 0 	 0 	 1 	
 99 	 0 	 1 	 0 	 1 	 0 	 1 	 0 	 1 	 2 	 1 	
 99 	 45 	 1 	 0 	 4 	 1 	 7 	 0 	 0 	 0 	 0 	
 99 	 0 	 0 	 1 	 0 	 0 	 0 	 9 	 0 	 1 	 22 	
 99 	 1 	 1 	 6 	 1 	 0 	 0 	 0 	 0 	 0 	 1 	
 99 	 0 	 0 	 6 	 11 	 0 	 10 	 0 	 1 	 1 	 0 	

 100 	 0 	 1 	 0 	 0 	 8 	 1 	 1 	 9 	 0 	 0 	
 100 	 0 	 1 	 1 	 12 	 0 	 0 	 2 	 0 	 0 	 0 	
 100 	 0 	 0 	 0 	 3 	 1 	 1 	 0 	 0 	 1 	 1 	
 100 	 24 	 0 	 0 	 1 	 1 	 0 	 0 	 0 	 0 	 0 	
 100 	 0 	 1 	 0 	 0 	 0 	 1 	 0 	 11 	 0 	 0 	
 100 	 1 	 32 	 1 	 0 	 0 	 0 	 1 	 0 	 0 	 1 	
 100 	 3 	 0 	 0 	 0 	 1 	 1 	 0 	 4 	 0 	 0 	
 100 	 0 	 1 	 1 	 2 	 0 	 1 	 1 	 0 	 0 	 1 	
 100 	 1 	 4 	 0 	 0 	 0 	 0 	 7 	 0 	 45 	 1 	
 100 	 0 	 0 	 0 	 1 	 9 	 22 	 0 	 1 	 0 	 0 	
 100 	 0 	 1 	 0 	 0 	 0 	 1 	 0 	 6 	 1 	 1 	
 100 	 0 	 11 	 1 	 1 	 0 	 0 	 10 	 6 	 0 	 0 	
CURSAT ver. 2.1 Edition #1 started on 03-05-2020 at 14:48:36 and ended on 03-05-2020 at 14:48:38
